75274 1234
4
0
----
75335 1235
5
0
----
75396 1236
6
0
----
75457 1237
7
0
----
75518 1238
8
0
----
75579 1239
9
0
----
75640 1240
0
0
----
75701 1241
1
0
----
75762 1242
2
0
----
75823 1243
3
0
----
75884 1244
4
0
----
75945 1245
5
0
----
76006 1246
6
0
----
76067 1247
7
0
----
76128 1248
8
0
----
76189 1249
9
0
----
76250 1250
0
0
----
76311 1251
1
0
----
76372 1252
2
0
----
76433 1253
3
0
----
76494 1254
4
0
----
76555 1255
5
0
----
76616 1256
6
0
----
76677 1257
7
0
----
76738 1258
8
0
----
76799 1259
9
0
----
76860 1260
0
0
----
76921 1261
1
0
----
76982 1262
2
0
----
77043 1263
3
0
----
77104 1264
4
0
----
77165 1265
5
0
----
77226 1266
6
0
----
77287 1267
7
0
----
77348 1268
8
0
----
77409 1269
9
0
----
77470 1270
0
0
----
77531 1271
1
0
----
77592 1272
2
0
----
77653 1273
3
0
----
77714 1274
4
0
----
77775 1275
5
0
----
77836 1276
6
0
----
77897 1277
7
0
----
77958 1278
8
0
----
78019 1279
9
0
----
78080 1280
0
0
----
78141 1281
1
0
----
78202 1282
2
0
----
78263 1283
3
0
----
78324 1284
4
0
----
78385 1285
5
0
----
78446 1286
6
0
----
78507 1287
7
0
----
78568 1288
8
0
----
78629 1289
9
0
----
78690 1290
0
0
----
78751 1291
1
0
----
78812 1292
2
0
----
78873 1293
3
0
----
78934 1294
4
0
----
78995 1295
5
0
----
79056 1296
6
0
----
79117 1297
7
0
----
79178 1298
8
0
----
79239 1299
9
0
----
79300 1300
0
0
----
79361 1301
1
0
----
79422 1302
2
0
----
79483 1303
3
0
----
79544 1304
4
0
----
79605 1305
5
0
----
79666 1306
6
0
----
79727 1307
7
0
----
79788 1308
8
0
----
79849 1309
9
0
----
79910 1310
0
0
----
79971 1311
1
0
----
80032 1312
2
0
----
80093 1313
3
0
----
80154 1314
4
0
----
80215 1315
5
0
----
80276 1316
6
0
----
80337 1317
7
0
----
80398 1318
8
0
----
80459 1319
9
0
----
80520 1320
0
0
----
80581 1321
1
0
----
80642 1322
2
0
----
80703 1323
3
0
----
80764 1324
4
0
----
80825 1325
5
0
----
80886 1326
6
0
----
80947 1327
7
0
----
81008 1328
8
0
----
81069 1329
9
0
----
81130 1330
0
0
----
81191 1331
1
0
----
81252 1332
2
0
----
81313 1333
3
0
----
81374 1334
4
0
----
81435 1335
5
0
----
81496 1336
6
0
----
81557 1337
7
0
----
81618 1338
8
0
----
81679 1339
9
0
----
81740 1340
0
0
----
81801 1341
1
0
----
81862 1342
2
0
----
81923 1343
3
0
----
81984 1344
4
0
----
82045 1345
5
0
----
82106 1346
6
0
----
82167 1347
7
0
----
82228 1348
8
0
----
82289 1349
9
0
----
82350 1350
0
0
----
82411 1351
1
0
----
82472 1352
2
0
----
82533 1353
3
0
----
82594 1354
4
0
----
82655 1355
5
0
----
82716 1356
6
0
----
82777 1357
7
0
----
82838 1358
8
0
----
82899 1359
9
0
----
82960 1360
0
0
----
83021 1361
1
0
----
83082 1362
2
0
----
83143 1363
3
0
----
83204 1364
4
0
----
83265 1365
5
0
----
83326 1366
6
0
----
83387 1367
7
0
----
83448 1368
8
0
----
83509 1369
9
0
----
83570 1370
0
0
----
83631 1371
1
0
----
83692 1372
2
0
----
83753 1373
3
0
----
83814 1374
4
0
----
83875 1375
5
0
----
83936 1376
6
0
----
83997 1377
7
0
----
84058 1378
8
0
----
84119 1379
9
0
----
84180 1380
0
0
----
84241 1381
1
0
----
84302 1382
2
0
----
84363 1383
3
0
----
84424 1384
4
0
----
84485 1385
5
0
----
84546 1386
6
0
----
84607 1387
7
0
----
84668 1388
8
0
----
84729 1389
9
0
----
84790 1390
0
0
----
84851 1391
1
0
----
84912 1392
2
0
----
84973 1393
3
0
----
85034 1394
4
0
----
85095 1395
5
0
----
85156 1396
6
0
----
85217 1397
7
0
----
85278 1398
8
0
----
85339 1399
9
0
----
85400 1400
0
0
----
85461 1401
1
0
----
85522 1402
2
0
----
85583 1403
3
0
----
85644 1404
4
0
----
85705 1405
5
0
----
85766 1406
6
0
----
85827 1407
7
0
----
85888 1408
8
0
----
85949 1409
9
0
----
86010 1410
0
0
----
86071 1411
1
0
----
86132 1412
2
0
----
86193 1413
3
0
----
86254 1414
4
0
----
86315 1415
5
0
----
86376 1416
6
0
----
86437 1417
7
0
----
86498 1418
8
0
----
86559 1419
9
0
----
86620 1420
0
0
----
86681 1421
1
0
----
86742 1422
2
0
----
86803 1423
3
0
----
86864 1424
4
0
----
86925 1425
5
0
----
86986 1426
6
0
----
87047 1427
7
0
----
87108 1428
8
0
----
87169 1429
9
0
----
87230 1430
0
0
----
87291 1431
1
0
----
87352 1432
2
0
----
87413 1433
3
0
----
87474 1434
4
0
----
87535 1435
5
0
----
87596 1436
6
0
----
87657 1437
7
0
----
87718 1438
8
0
----
87779 1439
9
0
----
87840 1440
0
0
----
87901 1441
1
0
----
87962 1442
2
0
----
88023 1443
3
0
----
88084 1444
4
0
----
88145 1445
5
0
----
88206 1446
6
0
----
88267 1447
7
0
----
88328 1448
8
0
----
88389 1449
9
0
----
88450 1450
0
0
----
88511 1451
1
0
----
88572 1452
2
0
----
88633 1453
3
0
----
88694 1454
4
0
----
88755 1455
5
0
----
88816 1456
6
0
----
88877 1457
7
0
----
88938 1458
8
0
----
88999 1459
9
0
----
89060 1460
0
0
----
89121 1461
1
0
----
89182 1462
2
0
----
89243 1463
3
0
----
89304 1464
4
0
----
89365 1465
5
0
----
89426 1466
6
0
----
89487 1467
7
0
----
89548 1468
8
0
----
89609 1469
9
0
----
89670 1470
0
0
----
89731 1471
1
0
----
89792 1472
2
0
----
89853 1473
3
0
----
89914 1474
4
0
----
89975 1475
5
0
----
90036 1476
6
0
----
90097 1477
7
0
----
90158 1478
8
0
----
90219 1479
9
0
----
90280 1480
0
0
----
90341 1481
1
0
----
90402 1482
2
0
----
90463 1483
3
0
----
90524 1484
4
0
----
90585 1485
5
0
----
90646 1486
6
0
----
90707 1487
7
0
----
90768 1488
8
0
----
90829 1489
9
0
----
90890 1490
0
0
----
90951 1491
1
0
----
91012 1492
2
0
----
91073 1493
3
0
----
91134 1494
4
0
----
91195 1495
5
0
----
91256 1496
6
0
----
91317 1497
7
0
----
91378 1498
8
0
----
91439 1499
9
0
----
91500 1500
0
0
----
91561 1501
1
0
----
91622 1502
2
0
----
91683 1503
3
0
----
91744 1504
4
0
----
91805 1505
5
0
----
91866 1506
6
0
----
91927 1507
7
0
----
91988 1508
8
0
----
92049 1509
9
0
----
92110 1510
0
0
----
92171 1511
1
0
----
92232 1512
2
0
----
92293 1513
3
0
----
92354 1514
4
0
----
92415 1515
5
0
----
92476 1516
6
0
----
92537 1517
7
0
----
92598 1518
8
0
----
92659 1519
9
0
----
92720 1520
0
0
----
92781 1521
1
0
----
92842 1522
2
0
----
92903 1523
3
0
----
92964 1524
4
0
----
93025 1525
5
0
----
93086 1526
6
0
----
93147 1527
7
0
----
93208 1528
8
0
----
93269 1529
9
0
----
93330 1530
0
0
----
93391 1531
1
0
----
93452 1532
2
0
----
93513 1533
3
0
----
93574 1534
4
0
----
93635 1535
5
0
----
93696 1536
6
0
----
93757 1537
7
0
----
93818 1538
8
0
----
93879 1539
9
0
----
93940 1540
0
0
----
94001 1541
1
0
----
94062 1542
2
0
----
94123 1543
3
0
----
94184 1544
4
0
----
94245 1545
5
0
----
94306 1546
6
0
----
94367 1547
7
0
----
94428 1548
8
0
----
94489 1549
9
0
----
94550 1550
0
0
----
94611 1551
1
0
----
94672 1552
2
0
----
94733 1553
3
0
----
94794 1554
4
0
----
94855 1555
5
0
----
94916 1556
6
0
----
94977 1557
7
0
----
95038 1558
8
0
----
95099 1559
9
0
----
95160 1560
0
0
----
95221 1561
1
0
----
95282 1562
2
0
----
95343 1563
3
0
----
95404 1564
4
0
----
95465 1565
5
0
----
95526 1566
6
0
----
95587 1567
7
0
----
95648 1568
8
0
----
95709 1569
9
0
----
95770 1570
0
0
----
95831 1571
1
0
----
95892 1572
2
0
----
95953 1573
3
0
----
96014 1574
4
0
----
96075 1575
5
0
----
96136 1576
6
0
----
96197 1577
7
0
----
96258 1578
8
0
----
96319 1579
9
0
----
96380 1580
0
0
----
96441 1581
1
0
----
96502 1582
2
0
----
96563 1583
3
0
----
96624 1584
4
0
----
96685 1585
5
0
----
96746 1586
6
0
----
96807 1587
7
0
----
96868 1588
8
0
----
96929 1589
9
0
----
96990 1590
0
0
----
97051 1591
1
0
----
97112 1592
2
0
----
97173 1593
3
0
----
97234 1594
4
0
----
97295 1595
5
0
----
97356 1596
6
0
----
97417 1597
7
0
----
97478 1598
8
0
----
97539 1599
9
0
----
97600 1600
0
0
----
97661 1601
1
0
----
97722 1602
2
0
----
97783 1603
3
0
----
97844 1604
4
0
----
97905 1605
5
0
----
97966 1606
6
0
----
98027 1607
7
0
----
98088 1608
8
0
----
98149 1609
9
0
----
98210 1610
0
0
----
98271 1611
1
0
----
98332 1612
2
0
----
98393 1613
3
0
----
98454 1614
4
0
----
98515 1615
5
0
----
98576 1616
6
0
----
98637 1617
7
0
----
98698 1618
8
0
----
98759 1619
9
0
----
98820 1620
0
0
----
98881 1621
1
0
----
98942 1622
2
0
----
99003 1623
3
0
----
99064 1624
4
0
----
99125 1625
5
0
----
99186 1626
6
0
----
99247 1627
7
0
----
99308 1628
8
0
----
99369 1629
9
0
----
99430 1630
0
0
----
99491 1631
1
0
----
99552 1632
2
0
----
99613 1633
3
0
----
99674 1634
4
0
----
99735 1635
5
0
----
99796 1636
6
0
----
99857 1637
7
0
----
99918 1638
8
0
----
99979 1639
9
0
----
There are no solutions for 61.

76508 1234
8
0
----
76570 1235
0
0
----
76632 1236
2
0
----
76694 1237
4
0
----
76756 1238
6
0
----
76818 1239
8
0
----
76880 1240
0
0
----
76942 1241
2
0
----
77004 1242
4
0
----
77066 1243
6
0
----
77128 1244
8
0
----
77190 1245
0
0
----
77252 1246
2
0
----
77314 1247
4
0
----
77376 1248
6
0
----
77438 1249
8
0
----
77500 1250
0
0
----
77562 1251
2
0
----
77624 1252
4
0
----
77686 1253
6
0
----
77748 1254
8
0
----
77810 1255
0
0
----
77872 1256
2
0
----
77934 1257
4
0
----
77996 1258
6
0
----
78058 1259
8
0
----
78120 1260
0
0
----
78182 1261
2
0
----
78244 1262
4
0
----
78306 1263
6
0
----
78368 1264
8
0
----
78430 1265
0
0
----
78492 1266
2
0
----
78554 1267
4
0
----
78616 1268
6
0
----
78678 1269
8
0
----
78740 1270
0
0
----
78802 1271
2
0
----
78864 1272
4
0
----
78926 1273
6
0
----
78988 1274
8
0
----
79050 1275
0
0
----
79112 1276
2
0
----
79174 1277
4
0
----
79236 1278
6
0
----
79298 1279
8
0
----
79360 1280
0
0
----
79422 1281
2
0
----
79484 1282
4
0
----
79546 1283
6
0
----
79608 1284
8
0
----
79670 1285
0
0
----
79732 1286
2
0
----
79794 1287
4
0
----
79856 1288
6
0
----
79918 1289
8
0
----
79980 1290
0
0
----
80042 1291
2
0
----
80104 1292
4
0
----
80166 1293
6
0
----
80228 1294
8
0
----
80290 1295
0
0
----
80352 1296
2
0
----
80414 1297
4
0
----
80476 1298
6
0
----
80538 1299
8
0
----
80600 1300
0
0
----
80662 1301
2
0
----
80724 1302
4
0
----
80786 1303
6
0
----
80848 1304
8
0
----
80910 1305
0
0
----
80972 1306
2
0
----
81034 1307
4
0
----
81096 1308
6
0
----
81158 1309
8
0
----
81220 1310
0
0
----
81282 1311
2
0
----
81344 1312
4
0
----
81406 1313
6
0
----
81468 1314
8
0
----
81530 1315
0
0
----
81592 1316
2
0
----
81654 1317
4
0
----
81716 1318
6
0
----
81778 1319
8
0
----
81840 1320
0
0
----
81902 1321
2
0
----
81964 1322
4
0
----
82026 1323
6
0
----
82088 1324
8
0
----
82150 1325
0
0
----
82212 1326
2
0
----
82274 1327
4
0
----
82336 1328
6
0
----
82398 1329
8
0
----
82460 1330
0
0
----
82522 1331
2
0
----
82584 1332
4
0
----
82646 1333
6
0
----
82708 1334
8
0
----
82770 1335
0
0
----
82832 1336
2
0
----
82894 1337
4
0
----
82956 1338
6
0
----
83018 1339
8
0
----
83080 1340
0
0
----
83142 1341
2
0
----
83204 1342
4
0
----
83266 1343
6
0
----
83328 1344
8
0
----
83390 1345
0
0
----
83452 1346
2
0
----
83514 1347
4
0
----
83576 1348
6
0
----
83638 1349
8
0
----
83700 1350
0
0
----
83762 1351
2
0
----
83824 1352
4
0
----
83886 1353
6
0
----
83948 1354
8
0
----
84010 1355
0
0
----
84072 1356
2
0
----
84134 1357
4
0
----
84196 1358
6
0
----
84258 1359
8
0
----
84320 1360
0
0
----
84382 1361
2
0
----
84444 1362
4
0
----
84506 1363
6
0
----
84568 1364
8
0
----
84630 1365
0
0
----
84692 1366
2
0
----
84754 1367
4
0
----
84816 1368
6
0
----
84878 1369
8
0
----
84940 1370
0
0
----
85002 1371
2
0
----
85064 1372
4
0
----
85126 1373
6
0
----
85188 1374
8
0
----
85250 1375
0
0
----
85312 1376
2
0
----
85374 1377
4
0
----
85436 1378
6
0
----
85498 1379
8
0
----
85560 1380
0
0
----
85622 1381
2
0
----
85684 1382
4
0
----
85746 1383
6
0
----
85808 1384
8
0
----
85870 1385
0
0
----
85932 1386
2
0
----
85994 1387
4
0
----
86056 1388
6
0
----
86118 1389
8
0
----
86180 1390
0
0
----
86242 1391
2
0
----
86304 1392
4
0
----
86366 1393
6
0
----
86428 1394
8
0
----
86490 1395
0
0
----
86552 1396
2
0
----
86614 1397
4
0
----
86676 1398
6
0
----
86738 1399
8
0
----
86800 1400
0
0
----
86862 1401
2
0
----
86924 1402
4
0
----
86986 1403
6
0
----
87048 1404
8
0
----
87110 1405
0
0
----
87172 1406
2
0
----
87234 1407
4
0
----
87296 1408
6
0
----
87358 1409
8
0
----
87420 1410
0
0
----
87482 1411
2
0
----
87544 1412
4
0
----
87606 1413
6
0
----
87668 1414
8
0
----
87730 1415
0
0
----
87792 1416
2
0
----
87854 1417
4
0
----
87916 1418
6
0
----
87978 1419
8
0
----
88040 1420
0
0
----
88102 1421
2
0
----
88164 1422
4
0
----
88226 1423
6
0
----
88288 1424
8
0
----
88350 1425
0
0
----
88412 1426
2
0
----
88474 1427
4
0
----
88536 1428
6
0
----
88598 1429
8
0
----
88660 1430
0
0
----
88722 1431
2
0
----
88784 1432
4
0
----
88846 1433
6
0
----
88908 1434
8
0
----
88970 1435
0
0
----
89032 1436
2
0
----
89094 1437
4
0
----
89156 1438
6
0
----
89218 1439
8
0
----
89280 1440
0
0
----
89342 1441
2
0
----
89404 1442
4
0
----
89466 1443
6
0
----
89528 1444
8
0
----
89590 1445
0
0
----
89652 1446
2
0
----
89714 1447
4
0
----
89776 1448
6
0
----
89838 1449
8
0
----
89900 1450
0
0
----
89962 1451
2
0
----
90024 1452
4
0
----
90086 1453
6
0
----
90148 1454
8
0
----
90210 1455
0
0
----
90272 1456
2
0
----
90334 1457
4
0
----
90396 1458
6
0
----
90458 1459
8
0
----
90520 1460
0
0
----
90582 1461
2
0
----
90644 1462
4
0
----
90706 1463
6
0
----
90768 1464
8
0
----
90830 1465
0
0
----
90892 1466
2
0
----
90954 1467
4
0
----
91016 1468
6
0
----
91078 1469
8
0
----
91140 1470
0
0
----
91202 1471
2
0
----
91264 1472
4
0
----
91326 1473
6
0
----
91388 1474
8
0
----
91450 1475
0
0
----
91512 1476
2
0
----
91574 1477
4
0
----
91636 1478
6
0
----
91698 1479
8
0
----
91760 1480
0
0
----
91822 1481
2
0
----
91884 1482
4
0
----
91946 1483
6
0
----
92008 1484
8
0
----
92070 1485
0
0
----
92132 1486
2
0
----
92194 1487
4
0
----
92256 1488
6
0
----
92318 1489
8
0
----
92380 1490
0
0
----
92442 1491
2
0
----
92504 1492
4
0
----
92566 1493
6
0
----
92628 1494
8
0
----
92690 1495
0
0
----
92752 1496
2
0
----
92814 1497
4
0
----
92876 1498
6
0
----
92938 1499
8
0
----
93000 1500
0
0
----
93062 1501
2
0
----
93124 1502
4
0
----
93186 1503
6
0
----
93248 1504
8
0
----
93310 1505
0
0
----
93372 1506
2
0
----
93434 1507
4
0
----
93496 1508
6
0
----
93558 1509
8
0
----
93620 1510
0
0
----
93682 1511
2
0
----
93744 1512
4
0
----
93806 1513
6
0
----
93868 1514
8
0
----
93930 1515
0
0
----
93992 1516
2
0
----
94054 1517
4
0
----
94116 1518
6
0
----
94178 1519
8
0
----
94240 1520
0
0
----
94302 1521
2
0
----
94364 1522
4
0
----
94426 1523
6
0
----
94488 1524
8
0
----
94550 1525
0
0
----
94612 1526
2
0
----
94674 1527
4
0
----
94736 1528
6
0
----
94798 1529
8
0
----
94860 1530
0
0
----
94922 1531
2
0
----
94984 1532
4
0
----
95046 1533
6
0
----
95108 1534
8
0
----
95170 1535
0
0
----
95232 1536
2
0
----
95294 1537
4
0
----
95356 1538
6
0
----
95418 1539
8
0
----
95480 1540
0
0
----
95542 1541
2
0
----
95604 1542
4
0
----
95666 1543
6
0
----
95728 1544
8
0
----
95790 1545
0
0
----
95852 1546
2
0
----
95914 1547
4
0
----
95976 1548
6
0
----
96038 1549
8
0
----
96100 1550
0
0
----
96162 1551
2
0
----
96224 1552
4
0
----
96286 1553
6
0
----
96348 1554
8
0
----
96410 1555
0
0
----
96472 1556
2
0
----
96534 1557
4
0
----
96596 1558
6
0
----
96658 1559
8
0
----
96720 1560
0
0
----
96782 1561
2
0
----
96844 1562
4
0
----
96906 1563
6
0
----
96968 1564
8
0
----
97030 1565
0
0
----
97092 1566
2
0
----
97154 1567
4
0
----
97216 1568
6
0
----
97278 1569
8
0
----
97340 1570
0
0
----
97402 1571
2
0
----
97464 1572
4
0
----
97526 1573
6
0
----
97588 1574
8
0
----
97650 1575
0
0
----
97712 1576
2
0
----
97774 1577
4
0
----
97836 1578
6
0
----
97898 1579
8
0
----
97960 1580
0
0
----
98022 1581
2
0
----
98084 1582
4
0
----
98146 1583
6
0
----
98208 1584
8
0
----
98270 1585
0
0
----
98332 1586
2
0
----
98394 1587
4
0
----
98456 1588
6
0
----
98518 1589
8
0
----
98580 1590
0
0
----
98642 1591
2
0
----
98704 1592
4
0
----
98766 1593
6
0
----
98828 1594
8
0
----
98890 1595
0
0
----
98952 1596
2
0
----
99014 1597
4
0
----
99076 1598
6
0
----
99138 1599
8
0
----
99200 1600
0
0
----
99262 1601
2
0
----
99324 1602
4
0
----
99386 1603
6
0
----
99448 1604
8
0
----
99510 1605
0
0
----
99572 1606
2
0
----
99634 1607
4
0
----
99696 1608
6
0
----
99758 1609
8
0
----
99820 1610
0
0
----
99882 1611
2
0
----
99944 1612
4
0
----
There are no solutions for 62.
