9999|9999|9999|9999|9999|9999|9999|9999|9999|9999|9999|9999|9999|9999|9999|9999|9999|9999|9999|9999|9999|9999|9999|9999|9999|9999|9999|9999|9999|9999|9999|9999|9999|9999|9999|9999|9999|9999|9999|9999|9999|9999|9999|9999|9999|9999|9999|9999|9999|9999|9999|9999|9999|9999|9999|9999|9999|9999|9999|9999|9999|9999|9999|9999|9999|9999|9999|9999|9999|9999|9999|9999|9999|9999|9999|9999|9999|9999|9999|9999|9999|9999|9999|9999|9999|9999|9999|9999|9999|9999|9999|9999|9999|9999|9999|9999|9999|9999|9999|9999|
9999|9999|9999|9999|9999|9999|9999|9999|9999|9999|9999|9999|9999|9999|9999|9999|9999|9999|9999|9999|9999|9999|9999|9999|9999|9999|9999|9999|9999|9999|9999|9999|9999|9999|9999|9999|9999|9999|9999|9999|9999|9999|9999|9999|9999|9999|9999|9999|9999|9999|9999|9999|9999|9999|9999|9999|9999|9999|9999|9999|9999|9999|9999|9999|9999|9999|9999|9999|9999|9999|9999|9999|9999|9999|9999|9999|9999|9999|9999|9999|9999|9999|9999|9999|9999|9999|9999|9999|9999|9999|9999|9999|9999|9999|9999|9999|9999|9999|9999|9999|
9999|9999|9999|9999|9999|9999|9999|9999|9999|9999|9999|9999|9999|9999|9999|9999|9999|9999|9999|9999|9999|9999|9999|9999|9999|9999|9999|9999|9999|9999|9999|9999|9999|9999|9999|9999|9999|9999|9999|9999|9999|9999|9999|9999|9999|9999|9999|9999|9999|9999|9999|9999|9999|9999|9999|9999|9999|9999|9999|9999|9999|9999|9999|9999|9999|9999|9999|9999|9999|9999|9999|9999|9999|9999|9999|9999|9999|9999|9999|9999|9999|9999|9999|9999|9999|9999|9999|9999|9999|9999|9999|9999|9999|9999|9999|9999|9999|9999|9999|9999|
9999|9999|9999|9999|9999|9999|9999|9999|9999|9999|9999|9999|9999|9999|9999|9999|9999|9999|9999|9999|9999|9999|9999|9999|9999|9999|9999|9999|9999|9999|9999|9999|9999|9999|9999|9999|9999|9999|9999|9999|9999|9999|9999|9999|9999|9999|9999|9999|9999|9999|9999|9999|9999|9999|9999|9999|9999|9999|9999|9999|9999|9999|9999|9999|9999|9999|9999|9999|9999|9999|9999|9999|9999|9999|9999|9999|9999|9999|9999|9999|9999|9999|9999|9999|9999|9999|9999|9999|9999|9999|9999|9999|9999|9999|9999|9999|9999|9999|9999|9999|
9999|9999|9999|9999|9999|9999|9999|9999|9999|9999|9999|9999|9999|9999|9999|9999|9999|9999|9999|9999|9999|9999|9999|9999|9999|9999|9999|9999|9999|9999|9999|9999|9999|9999|9999|9999|9999|9999|9999|9999|9999|9999|9999|9999|9999|9999|9999|9999|9999|9999|9999|9999|9999|9999|9999|9999|9999|9999|9999|9999|9999|9999|9999|9999|9999|9999|9999|9999|9999|9999|9999|9999|9999|9999|9999|9999|9999|9999|9999|9999|9999|9999|9999|9999|9999|9999|9999|9999|9999|9999|9999|9999|9999|9999|9999|9999|9999|9999|9999|9999|
9999|9999|9999|9999|9999|9999|9999|9999|9999|9999|9999|9999|9999|9999|9999|9999|9999|9999|9999|9999|9999|9999|9999|9999|9999|9999|9999|9999|9999|9999|9999|9999|9999|9999|9999|9999|9999|9999|9999|9999|9999|9999|9999|9999|9999|9999|9999|9999|9999|9999|9999|9999|9999|9999|9999|9999|9999|9999|9999|9999|9999|9999|9999|9999|9999|9999|9999|9999|9999|9999|9999|9999|9999|9999|9999|9999|9999|9999|9999|9999|9999|9999|9999|9999|9999|9999|9999|9999|9999|9999|9999|9999|9999|9999|9999|9999|9999|9999|9999|9999|
9999|9999|9999|9999|9999|9999|9999|9999|9999|9999|9999|9999|9999|9999|9999|9999|9999|9999|9999|9999|9999|9999|9999|9999|9999|9999|9999|9999|9999|9999|9999|9999|9999|9999|9999|9999|9999|9999|9999|9999|9999|9999|9999|9999|9999|9999|9999|9999|9999|9999|9999|9999|9999|9999|9999|9999|9999|9999|9999|9999|9999|9999|9999|9999|9999|9999|9999|9999|9999|9999|9999|9999|9999|9999|9999|9999|9999|9999|9999|9999|9999|9999|9999|9999|9999|9999|9999|9999|9999|9999|9999|9999|9999|9999|9999|9999|9999|9999|9999|9999|
9999|9999|9999|9999|9999|9999|9999|9999|9999|9999|9999|9999|9999|9999|9999|9999|9999|9999|9999|9999|9999|9999|9999|9999|9999|9999|9999|9999|9999|9999|9999|9999|9999|9999|9999|9999|9999|9999|9999|9999|9999|9999|9999|9999|9999|9999|9999|9999|9999|9999|9999|9999|9999|9999|9999|9999|9999|9999|9999|9999|9999|9999|9999|9999|9999|9999|9999|9999|9999|9999|9999|9999|9999|9999|9999|9999|9999|9999|9999|9999|9999|9999|9999|9999|9999|9999|9999|9999|9999|9999|9999|9999|9999|9999|9999|9999|9999|9999|9999|9999|
9999|9999|9999|9999|9999|9999|9999|9999|9999|9999|9999|9999|9999|9999|9999|9999|9999|9999|9999|9999|9999|9999|9999|9999|9999|9999|9999|9999|9999|9999|9999|9999|9999|9999|9999|9999|9999|9999|9999|9999|9999|9999|9999|9999|9999|9999|9999|9999|9999|9999|9999|9999|9999|9999|9999|9999|9999|9999|9999|9999|9999|9999|9999|9999|9999|9999|9999|9999|9999|9999|9999|9999|9999|9999|9999|9999|9999|9999|9999|9999|9999|9999|9999|9999|9999|9999|9999|9999|9999|9999|9999|9999|9999|9999|9999|9999|9999|9999|9999|9999|
9999|9999|9999|9999|9999|9999|9999|9999|9999|9999|9999|9999|9999|9999|9999|9999|9999|9999|9999|9999|9999|9999|9999|9999|9999|9999|9999|9999|9999|9999|9999|9999|9999|9999|9999|9999|9999|9999|9999|9999|9999|9999|9999|9999|9999|9999|9999|9999|9999|9999|9999|9999|9999|9999|9999|9999|9999|9999|9999|9999|9999|9999|9999|9999|9999|9999|9999|9999|9999|9999|9999|9999|9999|9999|9999|9999|9999|9999|9999|9999|9999|9999|9999|9999|9999|9999|9999|9999|9999|9999|9999|9999|9999|9999|9999|9999|9999|9999|9999|9999|
9999|9999|9999|9999|9999|9999|9999|9999|9999|9999|9999|9999|9999|9999|9999|9999|9999|9999|9999|9999|9999|9999|9999|9999|9999|9999|9999|9999|9999|9999|9999|9999|9999|9999|9999|9999|9999|9999|9999|9999|9999|9999|9999|9999|9999|9999|9999|9999|9999|9999|9999|9999|9999|9999|9999|9999|9999|9999|9999|9999|9999|9999|9999|9999|9999|9999|9999|9999|9999|9999|9999|9999|9999|9999|9999|9999|9999|9999|9999|9999|9999|9999|9999|9999|9999|9999|9999|9999|9999|9999|9999|9999|9999|9999|9999|9999|9999|9999|9999|9999|
9999|9999|9999|9999|9999|9999|9999|9999|9999|9999|9999|9999|9999|9999|9999|9999|9999|9999|9999|9999|9999|9999|9999|9999|9999|9999|9999|9999|9999|9999|9999|9999|9999|9999|9999|9999|9999|9999|9999|9999|9999|9999|9999|9999|9999|9999|9999|9999|9999|9999|9999|9999|9999|9999|9999|9999|9999|9999|9999|9999|9999|9999|9999|9999|9999|9999|9999|9999|9999|9999|9999|9999|9999|9999|9999|9999|9999|9999|9999|9999|9999|9999|9999|9999|9999|9999|9999|9999|9999|9999|9999|9999|9999|9999|9999|9999|9999|9999|9999|9999|
9999|9999|9999|9999|9999|9999|9999|9999|9999|9999|9999|9999|9999|9999|9999|9999|9999|9999|9999|9999|9999|9999|9999|9999|9999|9999|9999|9999|9999|9999|9999|9999|9999|9999|9999|9999|9999|9999|9999|9999|9999|9999|9999|9999|9999|9999|9999|9999|9999|9999|9999|9999|9999|9999|9999|9999|9999|9999|9999|9999|9999|9999|9999|9999|9999|9999|9999|9999|9999|9999|9999|9999|9999|9999|9999|9999|9999|9999|9999|9999|9999|9999|9999|9999|9999|9999|9999|9999|9999|9999|9999|9999|9999|9999|9999|9999|9999|9999|9999|9999|
9999|9999|9999|9999|9999|9999|9999|9999|9999|9999|9999|9999|9999|9999|9999|9999|9999|9999|9999|9999|9999|9999|9999|9999|9999|9999|9999|9999|9999|9999|9999|9999|9999|9999|9999|9999|9999|9999|9999|9999|9999|9999|9999|9999|9999|9999|9999|9999|9999|9999|9999|9999|9999|9999|9999|9999|9999|9999|9999|9999|9999|9999|9999|9999|9999|9999|9999|9999|9999|9999|9999|9999|9999|9999|9999|9999|9999|9999|9999|9999|9999|9999|9999|9999|9999|9999|9999|9999|9999|9999|9999|9999|9999|9999|9999|9999|9999|9999|9999|9999|
9999|9999|9999|9999|9999|9999|9999|9999|9999|9999|9999|9999|9999|9999|9999|9999|9999|9999|9999|9999|9999|9999|9999|9999|9999|9999|9999|9999|9999|9999|9999|9999|9999|9999|9999|9999|9999|9999|9999|9999|9999|9999|9999|9999|9999|9999|9999|9999|9999|9999|9999|9999|9999|9999|9999|9999|9999|9999|9999|9999|9999|9999|9999|9999|9999|9999|9999|9999|9999|9999|9999|9999|9999|9999|9999|9999|9999|9999|9999|9999|9999|9999|9999|9999|9999|9999|9999|9999|9999|9999|9999|9999|9999|9999|9999|9999|9999|9999|9999|9999|
9999|9999|9999|9999|9999|9999|9999|9999|9999|9999|9999|9999|9999|9999|9999|9999|9999|9999|9999|9999|9999|9999|9999|9999|9999|9999|9999|9999|9999|9999|9999|9999|9999|9999|9999|9999|9999|9999|9999|9999|9999|9999|9999|9999|9999|9999|9999|9999|9999|9999|9999|9999|9999|9999|9999|9999|9999|9999|9999|9999|9999|9999|9999|9999|9999|9999|9999|9999|9999|9999|9999|9999|9999|9999|9999|9999|9999|9999|9999|9999|9999|9999|9999|9999|9999|9999|9999|9999|9999|9999|9999|9999|9999|9999|9999|9999|9999|9999|9999|9999|
9999|9999|9999|9999|9999|9999|9999|9999|9999|9999|9999|9999|9999|9999|9999|9999|9999|9999|9999|9999|9999|9999|9999|9999|9999|9999|9999|9999|9999|9999|9999|9999|9999|9999|9999|9999|9999|9999|9999|9999|9999|9999|9999|9999|9999|9999|9999|9999|9999|9999|9999|9999|9999|9999|9999|9999|9999|9999|9999|9999|9999|9999|9999|9999|9999|9999|9999|9999|9999|9999|9999|9999|9999|9999|9999|9999|9999|9999|9999|9999|9999|9999|9999|9999|9999|9999|9999|9999|9999|9999|9999|9999|9999|9999|9999|9999|9999|9999|9999|9999|
9999|9999|9999|9999|9999|9999|9999|9999|9999|9999|9999|9999|9999|9999|9999|9999|9999|9999|9999|9999|9999|9999|9999|9999|9999|9999|9999|9999|9999|9999|9999|9999|9999|9999|9999|9999|9999|9999|9999|9999|9999|9999|9999|9999|9999|9999|9999|9999|9999|9999|9999|9999|9999|9999|9999|9999|9999|9999|9999|9999|9999|9999|9999|9999|9999|9999|9999|9999|9999|9999|9999|9999|9999|9999|9999|9999|9999|9999|9999|9999|9999|9999|9999|9999|9999|9999|9999|9999|9999|9999|9999|9999|9999|9999|9999|9999|9999|9999|9999|9999|
9999|9999|9999|9999|9999|9999|9999|9999|9999|9999|9999|9999|9999|9999|9999|9999|9999|9999|9999|9999|9999|9999|9999|9999|9999|9999|9999|9999|9999|9999|9999|9999|9999|9999|9999|9999|9999|9999|9999|9999|9999|9999|9999|9999|9999|9999|9999|9999|9999|9999|9999|9999|9999|9999|9999|9999|9999|9999|9999|9999|9999|9999|9999|9999|9999|9999|9999|9999|9999|9999|9999|9999|9999|9999|9999|9999|9999|9999|9999|9999|9999|9999|9999|9999|9999|9999|9999|9999|9999|9999|9999|9999|9999|9999|9999|9999|9999|9999|9999|9999|
9999|9999|9999|9999|9999|9999|9999|9999|9999|9999|9999|9999|9999|9999|9999|9999|9999|9999|9999|9999|9999|9999|9999|9999|9999|9999|9999|9999|9999|9999|9999|9999|9999|9999|9999|9999|9999|9999|9999|9999|9999|9999|9999|9999|9999|9999|9999|9999|9999|9999|9999|9999|9999|9999|9999|9999|9999|9999|9999|9999|9999|9999|9999|9999|9999|9999|9999|9999|9999|9999|9999|9999|9999|9999|9999|9999|9999|9999|9999|9999|9999|9999|9999|9999|9999|9999|9999|9999|9999|9999|9999|9999|9999|9999|9999|9999|9999|9999|9999|9999|
9999|9999|9999|9999|9999|9999|9999|9999|9999|9999|9999|9999|9999|9999|9999|9999|9999|9999|9999|9999|9999|9999|9999|9999|9999|9999|9999|9999|9999|9999|9999|9999|9999|9999|9999|9999|9999|9999|9999|9999|9999|9999|9999|9999|9999|9999|9999|9999|9999|9999|9999|9999|9999|9999|9999|9999|9999|9999|9999|9999|9999|9999|9999|9999|9999|9999|9999|9999|9999|9999|9999|9999|9999|9999|9999|9999|9999|9999|9999|9999|9999|9999|9999|9999|9999|9999|9999|9999|9999|9999|9999|9999|9999|9999|9999|9999|9999|9999|9999|9999|
9999|9999|9999|9999|9999|9999|9999|9999|9999|9999|9999|9999|9999|9999|9999|9999|9999|9999|9999|9999|9999|9999|9999|9999|9999|9999|9999|9999|9999|9999|9999|9999|9999|9999|9999|9999|9999|9999|9999|9999|9999|9999|9999|9999|9999|9999|9999|9999|9999|9999|9999|9999|9999|9999|9999|9999|9999|9999|9999|9999|9999|9999|9999|9999|9999|9999|9999|9999|9999|9999|9999|9999|9999|9999|9999|9999|9999|9999|9999|9999|9999|9999|9999|9999|9999|9999|9999|9999|9999|9999|9999|9999|9999|9999|9999|9999|9999|9999|9999|9999|
9999|9999|9999|9999|9999|9999|9999|9999|9999|9999|9999|9999|9999|9999|9999|9999|9999|9999|9999|9999|9999|9999|9999|9999|9999|9999|9999|9999|9999|9999|9999|9999|9999|9999|9999|9999|9999|9999|9999|9999|9999|9999|9999|9999|9999|9999|9999|9999|9999|9999|9999|9999|9999|9999|9999|9999|9999|9999|9999|9999|9999|9999|9999|9999|9999|9999|9999|9999|9999|9999|9999|9999|9999|9999|9999|9999|9999|9999|9999|9999|9999|9999|9999|9999|9999|9999|9999|9999|9999|9999|9999|9999|9999|9999|9999|9999|9999|9999|9999|9999|
9999|9999|9999|9999|9999|9999|9999|9999|9999|9999|9999|9999|9999|9999|9999|9999|9999|9999|9999|9999|9999|9999|9999|9999|9999|9999|9999|9999|9999|9999|9999|9999|9999|9999|9999|9999|9999|9999|9999|9999|9999|9999|9999|9999|9999|9999|9999|9999|9999|9999|9999|9999|9999|9999|9999|9999|9999|9999|9999|9999|9999|9999|9999|9999|9999|9999|9999|9999|9999|9999|9999|9999|9999|9999|9999|9999|9999|9999|9999|9999|9999|9999|9999|9999|9999|9999|9999|9999|9999|9999|9999|9999|9999|9999|9999|9999|9999|9999|9999|9999|
9999|9999|9999|9999|9999|9999|9999|9999|9999|9999|9999|9999|9999|9999|9999|9999|9999|9999|9999|9999|9999|9999|9999|9999|9999|9999|9999|9999|9999|9999|9999|9999|9999|9999|9999|9999|9999|9999|9999|9999|9999|9999|9999|9999|9999|9999|9999|9999|9999|9999|9999|9999|9999|9999|9999|9999|9999|9999|9999|9999|9999|9999|9999|9999|9999|9999|9999|9999|9999|9999|9999|9999|9999|9999|9999|9999|9999|9999|9999|9999|9999|9999|9999|9999|9999|9999|9999|9999|9999|9999|9999|9999|9999|9999|9999|9999|9999|9999|9999|9999|
9999|9999|9999|9999|9999|9999|9999|9999|9999|9999|9999|9999|9999|9999|9999|9999|9999|9999|9999|9999|9999|9999|9999|9999|9999|9999|9999|9999|9999|9999|9999|9999|9999|9999|9999|9999|9999|9999|9999|9999|9999|9999|9999|9999|9999|9999|9999|9999|9999|9999|9999|9999|9999|9999|9999|9999|9999|9999|9999|9999|9999|9999|9999|9999|9999|9999|9999|9999|9999|9999|9999|9999|9999|9999|9999|9999|9999|9999|9999|9999|9999|9999|9999|9999|9999|9999|9999|9999|9999|9999|9999|9999|9999|9999|9999|9999|9999|9999|9999|9999|
9999|9999|9999|9999|9999|9999|9999|9999|9999|9999|9999|9999|9999|9999|9999|9999|9999|9999|9999|9999|9999|9999|9999|9999|9999|9999|9999|9999|9999|9999|9999|9999|9999|9999|9999|9999|9999|9999|9999|9999|9999|9999|9999|9999|9999|9999|9999|9999|9999|9999|9999|9999|9999|9999|9999|9999|9999|9999|9999|9999|9999|9999|9999|9999|9999|9999|9999|9999|9999|9999|9999|9999|9999|9999|9999|9999|9999|9999|9999|9999|9999|9999|9999|9999|9999|9999|9999|9999|9999|9999|9999|9999|9999|9999|9999|9999|9999|9999|9999|9999|
9999|9999|9999|9999|9999|9999|9999|9999|9999|9999|9999|9999|9999|9999|9999|9999|9999|9999|9999|9999|9999|9999|9999|9999|9999|9999|9999|9999|9999|9999|9999|9999|9999|9999|9999|9999|9999|9999|9999|9999|9999|9999|9999|9999|9999|9999|9999|9999|9999|9999|9999|9999|9999|9999|9999|9999|9999|9999|9999|9999|9999|9999|9999|9999|9999|9999|9999|9999|9999|9999|9999|9999|9999|9999|9999|9999|9999|9999|9999|9999|9999|9999|9999|9999|9999|9999|9999|9999|9999|9999|9999|9999|9999|9999|9999|9999|9999|9999|9999|9999|
9999|9999|9999|9999|9999|9999|9999|9999|9999|9999|9999|9999|9999|9999|9999|9999|9999|9999|9999|9999|9999|9999|9999|9999|9999|9999|9999|9999|9999|9999|9999|9999|9999|9999|9999|9999|9999|9999|9999|9999|9999|9999|9999|9999|9999|9999|9999|9999|9999|9999|9999|9999|9999|9999|9999|9999|9999|9999|9999|9999|9999|9999|9999|9999|9999|9999|9999|9999|9999|9999|9999|9999|9999|9999|9999|9999|9999|9999|9999|9999|9999|9999|9999|9999|9999|9999|9999|9999|9999|9999|9999|9999|9999|9999|9999|9999|9999|9999|9999|9999|
9999|9999|9999|9999|9999|9999|9999|9999|9999|9999|9999|9999|9999|9999|9999|9999|9999|9999|9999|9999|9999|9999|9999|9999|9999|9999|9999|9999|9999|9999|9999|9999|9999|9999|9999|9999|9999|9999|9999|9999|9999|9999|9999|9999|9999|9999|9999|9999|9999|9999|9999|9999|9999|9999|9999|9999|9999|9999|9999|9999|9999|9999|9999|9999|9999|9999|9999|9999|9999|9999|9999|9999|9999|9999|9999|9999|9999|9999|9999|9999|9999|9999|9999|9999|9999|9999|9999|9999|9999|9999|9999|9999|9999|9999|9999|9999|9999|9999|9999|9999|
9999|9999|9999|9999|9999|9999|9999|9999|9999|9999|9999|9999|9999|9999|9999|9999|9999|9999|9999|9999|9999|9999|9999|9999|9999|9999|9999|9999|9999|9999|9999|9999|9999|9999|9999|9999|9999|9999|9999|9999|9999|9999|9999|9999|9999|9999|9999|9999|9999|9999|9999|9999|9999|9999|9999|9999|9999|9999|9999|9999|9999|9999|9999|9999|9999|9999|9999|9999|9999|9999|9999|9999|9999|9999|9999|9999|9999|9999|9999|9999|9999|9999|9999|9999|9999|9999|9999|9999|9999|9999|9999|9999|9999|9999|9999|9999|9999|9999|9999|9999|
9999|9999|9999|9999|9999|9999|9999|9999|9999|9999|9999|9999|9999|9999|9999|9999|9999|9999|9999|9999|9999|9999|9999|9999|9999|9999|9999|9999|9999|9999|9999|9999|9999|9999|9999|9999|9999|9999|9999|9999|9999|9999|9999|9999|9999|9999|9999|9999|9999|9999|9999|9999|9999|9999|9999|9999|9999|9999|9999|9999|9999|9999|9999|9999|9999|9999|9999|9999|9999|9999|9999|9999|9999|9999|9999|9999|9999|9999|9999|9999|9999|9999|9999|9999|9999|9999|9999|9999|9999|9999|9999|9999|9999|9999|9999|9999|9999|9999|9999|9999|
9999|9999|9999|9999|9999|9999|9999|9999|9999|9999|9999|9999|9999|9999|9999|9999|9999|9999|9999|9999|9999|9999|9999|9999|9999|9999|9999|9999|9999|9999|9999|9999|9999|9999|9999|9999|9999|9999|9999|9999|9999|9999|9999|9999|9999|9999|9999|9999|9999|9999|9999|9999|9999|9999|9999|9999|9999|9999|9999|9999|9999|9999|9999|9999|9999|9999|9999|9999|9999|9999|9999|9999|9999|9999|9999|9999|9999|9999|9999|9999|9999|9999|9999|9999|9999|9999|9999|9999|9999|9999|9999|9999|9999|9999|9999|9999|9999|9999|9999|9999|
9999|9999|9999|9999|9999|9999|9999|9999|9999|9999|9999|9999|9999|9999|9999|9999|9999|9999|9999|9999|9999|9999|9999|9999|9999|9999|9999|9999|9999|9999|9999|9999|9999|9999|9999|9999|9999|9999|9999|9999|9999|9999|9999|9999|9999|9999|9999|9999|9999|9999|9999|9999|9999|9999|9999|9999|9999|9999|9999|9999|9999|9999|9999|9999|9999|9999|9999|9999|9999|9999|9999|9999|9999|9999|9999|9999|9999|9999|9999|9999|9999|9999|9999|9999|9999|9999|9999|9999|9999|9999|9999|9999|9999|9999|9999|9999|9999|9999|9999|9999|
9999|9999|9999|9999|9999|9999|9999|9999|9999|9999|9999|9999|9999|9999|9999|9999|9999|9999|9999|9999|9999|9999|9999|9999|9999|9999|9999|9999|9999|9999|9999|9999|9999|9999|9999|9999|9999|9999|9999|9999|9999|9999|9999|9999|9999|9999|9999|9999|9999|9999|9999|9999|9999|9999|9999|9999|9999|9999|9999|9999|9999|9999|9999|9999|9999|9999|9999|9999|9999|9999|9999|9999|9999|9999|9999|9999|9999|9999|9999|9999|9999|9999|9999|9999|9999|9999|9999|9999|9999|9999|9999|9999|9999|9999|9999|9999|9999|9999|9999|9999|
9999|9999|9999|9999|9999|9999|9999|9999|9999|9999|9999|9999|9999|9999|9999|9999|9999|9999|9999|9999|9999|9999|9999|9999|9999|9999|9999|9999|9999|9999|9999|9999|9999|9999|9999|9999|9999|9999|9999|9999|9999|9999|9999|9999|9999|9999|9999|9999|9999|9999|9999|9999|9999|9999|9999|9999|9999|9999|9999|9999|9999|9999|9999|9999|9999|9999|9999|9999|9999|9999|9999|9999|9999|9999|9999|9999|9999|9999|9999|9999|9999|9999|9999|9999|9999|9999|9999|9999|9999|9999|9999|9999|9999|9999|9999|9999|9999|9999|9999|9999|
9999|9999|9999|9999|9999|9999|9999|9999|9999|9999|9999|9999|9999|9999|9999|9999|9999|9999|9999|9999|9999|9999|9999|9999|9999|9999|9999|9999|9999|9999|9999|9999|9999|9999|9999|9999|9999|9999|9999|9999|9999|9999|9999|9999|9999|9999|9999|9999|9999|9999|9999|9999|9999|9999|9999|9999|9999|9999|9999|9999|9999|9999|9999|9999|9999|9999|9999|9999|9999|9999|9999|9999|9999|9999|9999|9999|9999|9999|9999|9999|9999|9999|9999|9999|9999|9999|9999|9999|9999|9999|9999|9999|9999|9999|9999|9999|9999|9999|9999|9999|
9999|9999|9999|9999|9999|9999|9999|9999|9999|9999|9999|9999|9999|9999|9999|9999|9999|9999|9999|9999|9999|9999|9999|9999|9999|9999|9999|9999|9999|9999|9999|9999|9999|9999|9999|9999|9999|9999|9999|9999|9999|9999|9999|9999|9999|9999|9999|9999|9999|9999|9999|9999|9999|9999|9999|9999|9999|9999|9999|9999|9999|9999|9999|9999|9999|9999|9999|9999|9999|9999|9999|9999|9999|9999|9999|9999|9999|9999|9999|9999|9999|9999|9999|9999|9999|9999|9999|9999|9999|9999|9999|9999|9999|9999|9999|9999|9999|9999|9999|9999|
9999|9999|9999|9999|9999|9999|9999|9999|9999|9999|9999|9999|9999|9999|9999|9999|9999|9999|9999|9999|9999|9999|9999|9999|9999|9999|9999|9999|9999|9999|9999|9999|9999|9999|9999|9999|9999|9999|9999|9999|9999|9999|9999|9999|9999|9999|9999|9999|9999|9999|9999|9999|9999|9999|9999|9999|9999|9999|9999|9999|9999|9999|9999|9999|9999|9999|9999|9999|9999|9999|9999|9999|9999|9999|9999|9999|9999|9999|9999|9999|9999|9999|9999|9999|9999|9999|9999|9999|9999|9999|9999|9999|9999|9999|9999|9999|9999|9999|9999|9999|
9999|9999|9999|9999|9999|9999|9999|9999|9999|9999|9999|9999|9999|9999|9999|9999|9999|9999|9999|9999|9999|9999|9999|9999|9999|9999|9999|9999|9999|9999|9999|9999|9999|9999|9999|9999|9999|9999|9999|9999|9999|9999|9999|9999|9999|9999|9999|9999|9999|9999|9999|9999|9999|9999|9999|9999|9999|9999|9999|9999|9999|9999|9999|9999|9999|9999|9999|9999|9999|9999|9999|9999|9999|9999|9999|9999|9999|9999|9999|9999|9999|9999|9999|9999|9999|9999|9999|9999|9999|9999|9999|9999|9999|9999|9999|9999|9999|9999|9999|9999|
9999|9999|9999|9999|9999|9999|9999|9999|9999|9999|9999|9999|9999|9999|9999|9999|9999|9999|9999|9999|9999|9999|9999|9999|9999|9999|9999|9999|9999|9999|9999|9999|9999|9999|9999|9999|9999|9999|9999|9999|9999|9999|9999|9999|9999|9999|9999|9999|9999|9999|9999|9999|9999|9999|9999|9999|9999|9999|9999|9999|9999|9999|9999|9999|9999|9999|9999|9999|9999|9999|9999|9999|9999|9999|9999|9999|9999|9999|9999|9999|9999|9999|9999|9999|9999|9999|9999|9999|9999|9999|9999|9999|9999|9999|9999|9999|9999|9999|9999|9999|
9999|9999|9999|9999|9999|9999|9999|9999|9999|9999|9999|9999|9999|9999|9999|9999|9999|9999|9999|9999|9999|9999|9999|9999|9999|9999|9999|9999|9999|9999|9999|9999|9999|9999|9999|9999|9999|9999|9999|9999|9999|9999|9999|9999|9999|9999|9999|9999|9999|9999|9999|9999|9999|9999|9999|9999|9999|9999|9999|9999|9999|9999|9999|9999|9999|9999|9999|9999|9999|9999|9999|9999|9999|9999|9999|9999|9999|9999|9999|9999|9999|9999|9999|9999|9999|9999|9999|9999|9999|9999|9999|9999|9999|9999|9999|9999|9999|9999|9999|9999|
9999|9999|9999|9999|9999|9999|9999|9999|9999|9999|9999|9999|9999|9999|9999|9999|9999|9999|9999|9999|9999|9999|9999|9999|9999|9999|9999|9999|9999|9999|9999|9999|9999|9999|9999|9999|9999|9999|9999|9999|9999|9999|9999|9999|9999|9999|9999|9999|9999|9999|9999|9999|9999|9999|9999|9999|9999|9999|9999|9999|9999|9999|9999|9999|9999|9999|9999|9999|9999|9999|9999|9999|9999|9999|9999|9999|9999|9999|9999|9999|9999|9999|9999|9999|9999|9999|9999|9999|9999|9999|9999|9999|9999|9999|9999|9999|9999|9999|9999|9999|
9999|9999|9999|9999|9999|9999|9999|9999|9999|9999|9999|9999|9999|9999|9999|9999|9999|9999|9999|9999|9999|9999|9999|9999|9999|9999|9999|9999|9999|9999|9999|9999|9999|9999|9999|9999|9999|9999|9999|9999|9999|9999|9999|9999|9999|9999|9999|9999|9999|9999|9999|9999|9999|9999|9999|9999|9999|9999|9999|9999|9999|9999|9999|9999|9999|9999|9999|9999|9999|9999|9999|9999|9999|9999|9999|9999|9999|9999|9999|9999|9999|9999|9999|9999|9999|9999|9999|9999|9999|9999|9999|9999|9999|9999|9999|9999|9999|9999|9999|9999|
9999|9999|9999|9999|9999|9999|9999|9999|9999|9999|9999|9999|9999|9999|9999|9999|9999|9999|9999|9999|9999|9999|9999|9999|9999|9999|9999|9999|9999|9999|9999|9999|9999|9999|9999|9999|9999|9999|9999|9999|9999|9999|9999|9999|9999|9999|9999|9999|9999|9999|9999|9999|9999|9999|9999|9999|9999|9999|9999|9999|9999|9999|9999|9999|9999|9999|9999|9999|9999|9999|9999|9999|9999|9999|9999|9999|9999|9999|9999|9999|9999|9999|9999|9999|9999|9999|9999|9999|9999|9999|9999|9999|9999|9999|9999|9999|9999|9999|9999|9999|
9999|9999|9999|9999|9999|9999|9999|9999|9999|9999|9999|9999|9999|9999|9999|9999|9999|9999|9999|9999|9999|9999|9999|9999|9999|9999|9999|9999|9999|9999|9999|9999|9999|9999|9999|9999|9999|9999|9999|9999|9999|9999|9999|9999|9999|9999|9999|9999|9999|9999|9999|9999|9999|9999|9999|9999|9999|9999|9999|9999|9999|9999|9999|9999|9999|9999|9999|9999|9999|9999|9999|9999|9999|9999|9999|9999|9999|9999|9999|9999|9999|9999|9999|9999|9999|9999|9999|9999|9999|9999|9999|9999|9999|9999|9999|9999|9999|9999|9999|9999|
9999|9999|9999|9999|9999|9999|9999|9999|9999|9999|9999|9999|9999|9999|9999|9999|9999|9999|9999|9999|9999|9999|9999|9999|9999|9999|9999|9999|9999|9999|9999|9999|9999|9999|9999|9999|9999|9999|9999|9999|9999|9999|9999|9999|9999|9999|9999|9999|9999|9999|9999|9999|9999|9999|9999|9999|9999|9999|9999|9999|9999|9999|9999|9999|9999|9999|9999|9999|9999|9999|9999|9999|9999|9999|9999|9999|9999|9999|9999|9999|9999|9999|9999|9999|9999|9999|9999|9999|9999|9999|9999|9999|9999|9999|9999|9999|9999|9999|9999|9999|
9999|9999|9999|9999|9999|9999|9999|9999|9999|9999|9999|9999|9999|9999|9999|9999|9999|9999|9999|9999|9999|9999|9999|9999|9999|9999|9999|9999|9999|9999|9999|9999|9999|9999|9999|9999|9999|9999|9999|9999|9999|9999|9999|9999|9999|9999|9999|9999|9999|9999|9999|9999|9999|9999|9999|9999|9999|9999|9999|9999|9999|9999|9999|9999|9999|9999|9999|9999|9999|9999|9999|9999|9999|9999|9999|9999|9999|9999|9999|9999|9999|9999|9999|9999|9999|9999|9999|9999|9999|9999|9999|9999|9999|9999|9999|9999|9999|9999|9999|9999|
9999|9999|9999|9999|9999|9999|9999|9999|9999|9999|9999|9999|9999|9999|9999|9999|9999|9999|9999|9999|9999|9999|9999|9999|9999|9999|9999|9999|9999|9999|9999|9999|9999|9999|9999|9999|9999|9999|9999|9999|9999|9999|9999|9999|9999|9999|9999|9999|9999|9999|9999|9999|9999|9999|9999|9999|9999|9999|9999|9999|9999|9999|9999|9999|9999|9999|9999|9999|9999|9999|9999|9999|9999|9999|9999|9999|9999|9999|9999|9999|9999|9999|9999|9999|9999|9999|9999|9999|9999|9999|9999|9999|9999|9999|9999|9999|9999|9999|9999|9999|
9999|9999|9999|9999|9999|9999|9999|9999|9999|9999|9999|9999|9999|9999|9999|9999|9999|9999|9999|9999|9999|9999|9999|9999|9999|9999|9999|9999|9999|9999|9999|9999|9999|9999|9999|9999|9999|9999|9999|9999|9999|9999|9999|9999|9999|9999|9999|9999|9999|9999|9999|9999|9999|9999|9999|9999|9999|9999|9999|9999|9999|9999|9999|9999|9999|9999|9999|9999|9999|9999|9999|9999|9999|9999|9999|9999|9999|9999|9999|9999|9999|9999|9999|9999|9999|9999|9999|9999|9999|9999|9999|9999|9999|9999|9999|9999|9999|9999|9999|9999|
9999|9999|9999|9999|9999|9999|9999|9999|9999|9999|9999|9999|9999|9999|9999|9999|9999|9999|9999|9999|9999|9999|9999|9999|9999|9999|9999|9999|9999|9999|9999|9999|9999|9999|9999|9999|9999|9999|9999|9999|9999|9999|9999|9999|9999|9999|9999|9999|9999|9999|9999|9999|9999|9999|9999|9999|9999|9999|9999|9999|9999|9999|9999|9999|9999|9999|9999|9999|9999|9999|9999|9999|9999|9999|9999|9999|9999|9999|9999|9999|9999|9999|9999|9999|9999|9999|9999|9999|9999|9999|9999|9999|9999|9999|9999|9999|9999|9999|9999|9999|
9999|9999|9999|9999|9999|9999|9999|9999|9999|9999|9999|9999|9999|9999|9999|9999|9999|9999|9999|9999|9999|9999|9999|9999|9999|9999|9999|9999|9999|9999|9999|9999|9999|9999|9999|9999|9999|9999|9999|9999|9999|9999|9999|9999|9999|9999|9999|9999|9999|9999|9999|9999|9999|9999|9999|9999|9999|9999|9999|9999|9999|9999|9999|9999|9999|9999|9999|9999|9999|9999|9999|9999|9999|9999|9999|9999|9999|9999|9999|9999|9999|9999|9999|9999|9999|9999|9999|9999|9999|9999|9999|9999|9999|9999|9999|9999|9999|9999|9999|9999|
9999|9999|9999|9999|9999|9999|9999|9999|9999|9999|9999|9999|9999|9999|9999|9999|9999|9999|9999|9999|9999|9999|9999|9999|9999|9999|9999|9999|9999|9999|9999|9999|9999|9999|9999|9999|9999|9999|9999|9999|9999|9999|9999|9999|9999|9999|9999|9999|9999|9999|9999|9999|9999|9999|9999|9999|9999|9999|9999|9999|9999|9999|9999|9999|9999|9999|9999|9999|9999|9999|9999|9999|9999|9999|9999|9999|9999|9999|9999|9999|9999|9999|9999|9999|9999|9999|9999|9999|9999|9999|9999|9999|9999|9999|9999|9999|9999|9999|9999|9999|
9999|9999|9999|9999|9999|9999|9999|9999|9999|9999|9999|9999|9999|9999|9999|9999|9999|9999|9999|9999|9999|9999|9999|9999|9999|9999|9999|9999|9999|9999|9999|9999|9999|9999|9999|9999|9999|9999|9999|9999|9999|9999|9999|9999|9999|9999|9999|9999|9999|9999|9999|9999|9999|9999|9999|9999|9999|9999|9999|9999|9999|9999|9999|9999|9999|9999|9999|9999|9999|9999|9999|9999|9999|9999|9999|9999|9999|9999|9999|9999|9999|9999|9999|9999|9999|9999|9999|9999|9999|9999|9999|9999|9999|9999|9999|9999|9999|9999|9999|9999|
9999|9999|9999|9999|9999|9999|9999|9999|9999|9999|9999|9999|9999|9999|9999|9999|9999|9999|9999|9999|9999|9999|9999|9999|9999|9999|9999|9999|9999|9999|9999|9999|9999|9999|9999|9999|9999|9999|9999|9999|9999|9999|9999|9999|9999|9999|9999|9999|9999|9999|9999|9999|9999|9999|9999|9999|9999|9999|9999|9999|9999|9999|9999|9999|9999|9999|9999|9999|9999|9999|9999|9999|9999|9999|9999|9999|9999|9999|9999|9999|9999|9999|9999|9999|9999|9999|9999|9999|9999|9999|9999|9999|9999|9999|9999|9999|9999|9999|9999|9999|
9999|9999|9999|9999|9999|9999|9999|9999|9999|9999|9999|9999|9999|9999|9999|9999|9999|9999|9999|9999|9999|9999|9999|9999|9999|9999|9999|9999|9999|9999|9999|9999|9999|9999|9999|9999|9999|9999|9999|9999|9999|9999|9999|9999|9999|9999|9999|9999|9999|9999|9999|9999|9999|9999|9999|9999|9999|9999|9999|9999|9999|9999|9999|9999|9999|9999|9999|9999|9999|9999|9999|9999|9999|9999|9999|9999|9999|9999|9999|9999|9999|9999|9999|9999|9999|9999|9999|9999|9999|9999|9999|9999|9999|9999|9999|9999|9999|9999|9999|9999|
9999|9999|9999|9999|9999|9999|9999|9999|9999|9999|9999|9999|9999|9999|9999|9999|9999|9999|9999|9999|9999|9999|9999|9999|9999|9999|9999|9999|9999|9999|9999|9999|9999|9999|9999|9999|9999|9999|9999|9999|9999|9999|9999|9999|9999|9999|9999|9999|9999|9999|9999|9999|9999|9999|9999|9999|9999|9999|9999|9999|9999|9999|9999|9999|9999|9999|9999|9999|9999|9999|9999|9999|9999|9999|9999|9999|9999|9999|9999|9999|9999|9999|9999|9999|9999|9999|9999|9999|9999|9999|9999|9999|9999|9999|9999|9999|9999|9999|9999|9999|
9999|9999|9999|9999|9999|9999|9999|9999|9999|9999|9999|9999|9999|9999|9999|9999|9999|9999|9999|9999|9999|9999|9999|9999|9999|9999|9999|9999|9999|9999|9999|9999|9999|9999|9999|9999|9999|9999|9999|9999|9999|9999|9999|9999|9999|9999|9999|9999|9999|9999|9999|9999|9999|9999|9999|9999|9999|9999|9999|9999|9999|9999|9999|9999|9999|9999|9999|9999|9999|9999|9999|9999|9999|9999|9999|9999|9999|9999|9999|9999|9999|9999|9999|9999|9999|9999|9999|9999|9999|9999|9999|9999|9999|9999|9999|9999|9999|9999|9999|9999|
9999|9999|9999|9999|9999|9999|9999|9999|9999|9999|9999|9999|9999|9999|9999|9999|9999|9999|9999|9999|9999|9999|9999|9999|9999|9999|9999|9999|9999|9999|9999|9999|9999|9999|9999|9999|9999|9999|9999|9999|9999|9999|9999|9999|9999|9999|9999|9999|9999|9999|9999|9999|9999|9999|9999|9999|9999|9999|9999|9999|9999|9999|9999|9999|9999|9999|9999|9999|9999|9999|9999|9999|9999|9999|9999|9999|9999|9999|9999|9999|9999|9999|9999|9999|9999|9999|9999|9999|9999|9999|9999|9999|9999|9999|9999|9999|9999|9999|9999|9999|
9999|9999|9999|9999|9999|9999|9999|9999|9999|9999|9999|9999|9999|9999|9999|9999|9999|9999|9999|9999|9999|9999|9999|9999|9999|9999|9999|9999|9999|9999|9999|9999|9999|9999|9999|9999|9999|9999|9999|9999|9999|9999|9999|9999|9999|9999|9999|9999|9999|9999|9999|9999|9999|9999|9999|9999|9999|9999|9999|9999|9999|9999|9999|9999|9999|9999|9999|9999|9999|9999|9999|9999|9999|9999|9999|9999|9999|9999|9999|9999|9999|9999|9999|9999|9999|9999|9999|9999|9999|9999|9999|9999|9999|9999|9999|9999|9999|9999|9999|9999|
9999|9999|9999|9999|9999|9999|9999|9999|9999|9999|9999|9999|9999|9999|9999|9999|9999|9999|9999|9999|9999|9999|9999|9999|9999|9999|9999|9999|9999|9999|9999|9999|9999|9999|9999|9999|9999|9999|9999|9999|9999|9999|9999|9999|9999|9999|9999|9999|9999|9999|9999|9999|9999|9999|9999|9999|9999|9999|9999|9999|9999|9999|9999|9999|9999|9999|9999|9999|9999|9999|9999|9999|9999|9999|9999|9999|9999|9999|9999|9999|9999|9999|9999|9999|9999|9999|9999|9999|9999|9999|9999|9999|9999|9999|9999|9999|9999|9999|9999|9999|
9999|9999|9999|9999|9999|9999|9999|9999|9999|9999|9999|9999|9999|9999|9999|9999|9999|9999|9999|9999|9999|9999|9999|9999|9999|9999|9999|9999|9999|9999|9999|9999|9999|9999|9999|9999|9999|9999|9999|9999|9999|9999|9999|9999|9999|9999|9999|9999|9999|9999|9999|9999|9999|9999|9999|9999|9999|9999|9999|9999|9999|9999|9999|9999|9999|9999|9999|9999|9999|9999|9999|9999|9999|9999|9999|9999|9999|9999|9999|9999|9999|9999|9999|9999|9999|9999|9999|9999|9999|9999|9999|9999|9999|9999|9999|9999|9999|9999|9999|9999|
9999|9999|9999|9999|9999|9999|9999|9999|9999|9999|9999|9999|9999|9999|9999|9999|9999|9999|9999|9999|9999|9999|9999|9999|9999|9999|9999|9999|9999|9999|9999|9999|9999|9999|9999|9999|9999|9999|9999|9999|9999|9999|9999|9999|9999|9999|9999|9999|9999|9999|9999|9999|9999|9999|9999|9999|9999|9999|9999|9999|9999|9999|9999|9999|9999|9999|9999|9999|9999|9999|9999|9999|9999|9999|9999|9999|9999|9999|9999|9999|9999|9999|9999|9999|9999|9999|9999|9999|9999|9999|9999|9999|9999|9999|9999|9999|9999|9999|9999|9999|
9999|9999|9999|9999|9999|9999|9999|9999|9999|9999|9999|9999|9999|9999|9999|9999|9999|9999|9999|9999|9999|9999|9999|9999|9999|9999|9999|9999|9999|9999|9999|9999|9999|9999|9999|9999|9999|9999|9999|9999|9999|9999|9999|9999|9999|9999|9999|9999|9999|9999|9999|9999|9999|9999|9999|9999|9999|9999|9999|9999|9999|9999|9999|9999|9999|9999|9999|9999|9999|9999|9999|9999|9999|9999|9999|9999|9999|9999|9999|9999|9999|9999|9999|9999|9999|9999|9999|9999|9999|9999|9999|9999|9999|9999|9999|9999|9999|9999|9999|9999|
9999|9999|9999|9999|9999|9999|9999|9999|9999|9999|9999|9999|9999|9999|9999|9999|9999|9999|9999|9999|9999|9999|9999|9999|9999|9999|9999|9999|9999|9999|9999|9999|9999|9999|9999|9999|9999|9999|9999|9999|9999|9999|9999|9999|9999|9999|9999|9999|9999|9999|9999|9999|9999|9999|9999|9999|9999|9999|9999|9999|9999|9999|9999|9999|9999|9999|9999|9999|9999|9999|9999|9999|9999|9999|9999|9999|9999|9999|9999|9999|9999|9999|9999|9999|9999|9999|9999|9999|9999|9999|9999|9999|9999|9999|9999|9999|9999|9999|9999|9999|
9999|9999|9999|9999|9999|9999|9999|9999|9999|9999|9999|9999|9999|9999|9999|9999|9999|9999|9999|9999|9999|9999|9999|9999|9999|9999|9999|9999|9999|9999|9999|9999|9999|9999|9999|9999|9999|9999|9999|9999|9999|9999|9999|9999|9999|9999|9999|9999|9999|9999|9999|9999|9999|9999|9999|9999|9999|9999|9999|9999|9999|9999|9999|9999|9999|9999|9999|9999|9999|9999|9999|9999|9999|9999|9999|9999|9999|9999|9999|9999|9999|9999|9999|9999|9999|9999|9999|9999|9999|9999|9999|9999|9999|9999|9999|9999|9999|9999|9999|9999|
9999|9999|9999|9999|9999|9999|9999|9999|9999|9999|9999|9999|9999|9999|9999|9999|9999|9999|9999|9999|9999|9999|9999|9999|9999|9999|9999|9999|9999|9999|9999|9999|9999|9999|9999|9999|9999|9999|9999|9999|9999|9999|9999|9999|9999|9999|9999|9999|9999|9999|9999|9999|9999|9999|9999|9999|9999|9999|9999|9999|9999|9999|9999|9999|9999|9999|9999|9999|9999|9999|9999|9999|9999|9999|9999|9999|9999|9999|9999|9999|9999|9999|9999|9999|9999|9999|9999|9999|9999|9999|9999|9999|9999|9999|9999|9999|9999|9999|9999|9999|
9999|9999|9999|9999|9999|9999|9999|9999|9999|9999|9999|9999|9999|9999|9999|9999|9999|9999|9999|9999|9999|9999|9999|9999|9999|9999|9999|9999|9999|9999|9999|9999|9999|9999|9999|9999|9999|9999|9999|9999|9999|9999|9999|9999|9999|9999|9999|9999|9999|9999|9999|9999|9999|9999|9999|9999|9999|9999|9999|9999|9999|9999|9999|9999|9999|9999|9999|9999|9999|9999|9999|9999|9999|9999|9999|9999|9999|9999|9999|9999|9999|9999|9999|9999|9999|9999|9999|9999|9999|9999|9999|9999|9999|9999|9999|9999|9999|9999|9999|9999|
9999|9999|9999|9999|9999|9999|9999|9999|9999|9999|9999|9999|9999|9999|9999|9999|9999|9999|9999|9999|9999|9999|9999|9999|9999|9999|9999|9999|9999|9999|9999|9999|9999|9999|9999|9999|9999|9999|9999|9999|9999|9999|9999|9999|9999|9999|9999|9999|9999|9999|9999|9999|9999|9999|9999|9999|9999|9999|9999|9999|9999|9999|9999|9999|9999|9999|9999|9999|9999|9999|9999|9999|9999|9999|9999|9999|9999|9999|9999|9999|9999|9999|9999|9999|9999|9999|9999|9999|9999|9999|9999|9999|9999|9999|9999|9999|9999|9999|9999|9999|
9999|9999|9999|9999|9999|9999|9999|9999|9999|9999|9999|9999|9999|9999|9999|9999|9999|9999|9999|9999|9999|9999|9999|9999|9999|9999|9999|9999|9999|9999|9999|9999|9999|9999|9999|9999|9999|9999|9999|9999|9999|9999|9999|9999|9999|9999|9999|9999|9999|9999|9999|9999|9999|9999|9999|9999|9999|9999|9999|9999|9999|9999|9999|9999|9999|9999|9999|9999|9999|9999|9999|9999|9999|9999|9999|9999|9999|9999|9999|9999|9999|9999|9999|9999|9999|9999|9999|9999|9999|9999|9999|9999|9999|9999|9999|9999|9999|9999|9999|9999|
9999|9999|9999|9999|9999|9999|9999|9999|9999|9999|9999|9999|9999|9999|9999|9999|9999|9999|9999|9999|9999|9999|9999|9999|9999|9999|9999|9999|9999|9999|9999|9999|9999|9999|9999|9999|9999|9999|9999|9999|9999|9999|9999|9999|9999|9999|9999|9999|9999|9999|9999|9999|9999|9999|9999|9999|9999|9999|9999|9999|9999|9999|9999|9999|9999|9999|9999|9999|9999|9999|9999|9999|9999|9999|9999|9999|9999|9999|9999|9999|9999|9999|9999|9999|9999|9999|9999|9999|9999|9999|9999|9999|9999|9999|9999|9999|9999|9999|9999|9999|
9999|9999|9999|9999|9999|9999|9999|9999|9999|9999|9999|9999|9999|9999|9999|9999|9999|9999|9999|9999|9999|9999|9999|9999|9999|9999|9999|9999|9999|9999|9999|9999|9999|9999|9999|9999|9999|9999|9999|9999|9999|9999|9999|9999|9999|9999|9999|9999|9999|9999|9999|9999|9999|9999|9999|9999|9999|9999|9999|9999|9999|9999|9999|9999|9999|9999|9999|9999|9999|9999|9999|9999|9999|9999|9999|9999|9999|9999|9999|9999|9999|9999|9999|9999|9999|9999|9999|9999|9999|9999|9999|9999|9999|9999|9999|9999|9999|9999|9999|9999|
9999|9999|9999|9999|9999|9999|9999|9999|9999|9999|9999|9999|9999|9999|9999|9999|9999|9999|9999|9999|9999|9999|9999|9999|9999|9999|9999|9999|9999|9999|9999|9999|9999|9999|9999|9999|9999|9999|9999|9999|9999|9999|9999|9999|9999|9999|9999|9999|9999|9999|9999|9999|9999|9999|9999|9999|9999|9999|9999|9999|9999|9999|9999|9999|9999|9999|9999|9999|9999|9999|9999|9999|9999|9999|9999|9999|9999|9999|9999|9999|9999|9999|9999|9999|9999|9999|9999|9999|9999|9999|9999|9999|9999|9999|9999|9999|9999|9999|9999|9999|
9999|9999|9999|9999|9999|9999|9999|9999|9999|9999|9999|9999|9999|9999|9999|9999|9999|9999|9999|9999|9999|9999|9999|9999|9999|9999|9999|9999|9999|9999|9999|9999|9999|9999|9999|9999|9999|9999|9999|9999|9999|9999|9999|9999|9999|9999|9999|9999|9999|9999|9999|9999|9999|9999|9999|9999|9999|9999|9999|9999|9999|9999|9999|9999|9999|9999|9999|9999|9999|9999|9999|9999|9999|9999|9999|9999|9999|9999|9999|9999|9999|9999|9999|9999|9999|9999|9999|9999|9999|9999|9999|9999|9999|9999|9999|9999|9999|9999|9999|9999|
9999|9999|9999|9999|9999|9999|9999|9999|9999|9999|9999|9999|9999|9999|9999|9999|9999|9999|9999|9999|9999|9999|9999|9999|9999|9999|9999|9999|9999|9999|9999|9999|9999|9999|9999|9999|9999|9999|9999|9999|9999|9999|9999|9999|9999|9999|9999|9999|9999|9999|9999|9999|9999|9999|9999|9999|9999|9999|9999|9999|9999|9999|9999|9999|9999|9999|9999|9999|9999|9999|9999|9999|9999|9999|9999|9999|9999|9999|9999|9999|9999|9999|9999|9999|9999|9999|9999|9999|9999|9999|9999|9999|9999|9999|9999|9999|9999|9999|9999|9999|
9999|9999|9999|9999|9999|9999|9999|9999|9999|9999|9999|9999|9999|9999|9999|9999|9999|9999|9999|9999|9999|9999|9999|9999|9999|9999|9999|9999|9999|9999|9999|9999|9999|9999|9999|9999|9999|9999|9999|9999|9999|9999|9999|9999|9999|9999|9999|9999|9999|9999|9999|9999|9999|9999|9999|9999|9999|9999|9999|9999|9999|9999|9999|9999|9999|9999|9999|9999|9999|9999|9999|9999|9999|9999|9999|9999|9999|9999|9999|9999|9999|9999|9999|9999|9999|9999|9999|9999|9999|9999|9999|9999|9999|9999|9999|9999|9999|9999|9999|9999|
9999|9999|9999|9999|9999|9999|9999|9999|9999|9999|9999|9999|9999|9999|9999|9999|9999|9999|9999|9999|9999|9999|9999|9999|9999|9999|9999|9999|9999|9999|9999|9999|9999|9999|9999|9999|9999|9999|9999|9999|9999|9999|9999|9999|9999|9999|9999|9999|9999|9999|9999|9999|9999|9999|9999|9999|9999|9999|9999|9999|9999|9999|9999|9999|9999|9999|9999|9999|9999|9999|9999|9999|9999|9999|9999|9999|9999|9999|9999|9999|9999|9999|9999|9999|9999|9999|9999|9999|9999|9999|9999|9999|9999|9999|9999|9999|9999|9999|9999|9999|
9999|9999|9999|9999|9999|9999|9999|9999|9999|9999|9999|9999|9999|9999|9999|9999|9999|9999|9999|9999|9999|9999|9999|9999|9999|9999|9999|9999|9999|9999|9999|9999|9999|9999|9999|9999|9999|9999|9999|9999|9999|9999|9999|9999|9999|9999|9999|9999|9999|9999|9999|9999|9999|9999|9999|9999|9999|9999|9999|9999|9999|9999|9999|9999|9999|9999|9999|9999|9999|9999|9999|9999|9999|9999|9999|9999|9999|9999|9999|9999|9999|9999|9999|9999|9999|9999|9999|9999|9999|9999|9999|9999|9999|9999|9999|9999|9999|9999|9999|9999|
9999|9999|9999|9999|9999|9999|9999|9999|9999|9999|9999|9999|9999|9999|9999|9999|9999|9999|9999|9999|9999|9999|9999|9999|9999|9999|9999|9999|9999|9999|9999|9999|9999|9999|9999|9999|9999|9999|9999|9999|9999|9999|9999|9999|9999|9999|9999|9999|9999|9999|9999|9999|9999|9999|9999|9999|9999|9999|9999|9999|9999|9999|9999|9999|9999|9999|9999|9999|9999|9999|9999|9999|9999|9999|9999|9999|9999|9999|9999|9999|9999|9999|9999|9999|9999|9999|9999|9999|9999|9999|9999|9999|9999|9999|9999|9999|9999|9999|9999|9999|
9999|9999|9999|9999|9999|9999|9999|9999|9999|9999|9999|9999|9999|9999|9999|9999|9999|9999|9999|9999|9999|9999|9999|9999|9999|9999|9999|9999|9999|9999|9999|9999|9999|9999|9999|9999|9999|9999|9999|9999|9999|9999|9999|9999|9999|9999|9999|9999|9999|9999|9999|9999|9999|9999|9999|9999|9999|9999|9999|9999|9999|9999|9999|9999|9999|9999|9999|9999|9999|9999|9999|9999|9999|9999|9999|9999|9999|9999|9999|9999|9999|9999|9999|9999|9999|9999|9999|9999|9999|9999|9999|9999|9999|9999|9999|9999|9999|9999|9999|9999|
9999|9999|9999|9999|9999|9999|9999|9999|9999|9999|9999|9999|9999|9999|9999|9999|9999|9999|9999|9999|9999|9999|9999|9999|9999|9999|9999|9999|9999|9999|9999|9999|9999|9999|9999|9999|9999|9999|9999|9999|9999|9999|9999|9999|9999|9999|9999|9999|9999|9999|9999|9999|9999|9999|9999|9999|9999|9999|9999|9999|9999|9999|9999|9999|9999|9999|9999|9999|9999|9999|9999|9999|9999|9999|9999|9999|9999|9999|9999|9999|9999|9999|9999|9999|9999|9999|9999|9999|9999|9999|9999|9999|9999|9999|9999|9999|9999|9999|9999|9999|
9999|9999|9999|9999|9999|9999|9999|9999|9999|9999|9999|9999|9999|9999|9999|9999|9999|9999|9999|9999|9999|9999|9999|9999|9999|9999|9999|9999|9999|9999|9999|9999|9999|9999|9999|9999|9999|9999|9999|9999|9999|9999|9999|9999|9999|9999|9999|9999|9999|9999|9999|9999|9999|9999|9999|9999|9999|9999|9999|9999|9999|9999|9999|9999|9999|9999|9999|9999|9999|9999|9999|9999|9999|9999|9999|9999|9999|9999|9999|9999|9999|9999|9999|9999|9999|9999|9999|9999|9999|9999|9999|9999|9999|9999|9999|9999|9999|9999|9999|9999|
9999|9999|9999|9999|9999|9999|9999|9999|9999|9999|9999|9999|9999|9999|9999|9999|9999|9999|9999|9999|9999|9999|9999|9999|9999|9999|9999|9999|9999|9999|9999|9999|9999|9999|9999|9999|9999|9999|9999|9999|9999|9999|9999|9999|9999|9999|9999|9999|9999|9999|9999|9999|9999|9999|9999|9999|9999|9999|9999|9999|9999|9999|9999|9999|9999|9999|9999|9999|9999|9999|9999|9999|9999|9999|9999|9999|9999|9999|9999|9999|9999|9999|9999|9999|9999|9999|9999|9999|9999|9999|9999|9999|9999|9999|9999|9999|9999|9999|9999|9999|
9999|9999|9999|9999|9999|9999|9999|9999|9999|9999|9999|9999|9999|9999|9999|9999|9999|9999|9999|9999|9999|9999|9999|9999|9999|9999|9999|9999|9999|9999|9999|9999|9999|9999|9999|9999|9999|9999|9999|9999|9999|9999|9999|9999|9999|9999|9999|9999|9999|9999|9999|9999|9999|9999|9999|9999|9999|9999|9999|9999|9999|9999|9999|9999|9999|9999|9999|9999|9999|9999|9999|9999|9999|9999|9999|9999|9999|9999|9999|9999|9999|9999|9999|9999|9999|9999|9999|9999|9999|9999|9999|9999|9999|9999|9999|9999|9999|9999|9999|9999|
9999|9999|9999|9999|9999|9999|9999|9999|9999|9999|9999|9999|9999|9999|9999|9999|9999|9999|9999|9999|9999|9999|9999|9999|9999|9999|9999|9999|9999|9999|9999|9999|9999|9999|9999|9999|9999|9999|9999|9999|9999|9999|9999|9999|9999|9999|9999|9999|9999|9999|9999|9999|9999|9999|9999|9999|9999|9999|9999|9999|9999|9999|9999|9999|9999|9999|9999|9999|9999|9999|9999|9999|9999|9999|9999|9999|9999|9999|9999|9999|9999|9999|9999|9999|9999|9999|9999|9999|9999|9999|9999|9999|9999|9999|9999|9999|9999|9999|9999|9999|
9999|9999|9999|9999|9999|9999|9999|9999|9999|9999|9999|9999|9999|9999|9999|9999|9999|9999|9999|9999|9999|9999|9999|9999|9999|9999|9999|9999|9999|9999|9999|9999|9999|9999|9999|9999|9999|9999|9999|9999|9999|9999|9999|9999|9999|9999|9999|9999|9999|9999|9999|9999|9999|9999|9999|9999|9999|9999|9999|9999|9999|9999|9999|9999|9999|9999|9999|9999|9999|9999|9999|9999|9999|9999|9999|9999|9999|9999|9999|9999|9999|9999|9999|9999|9999|9999|9999|9999|9999|9999|9999|9999|9999|9999|9999|9999|9999|9999|9999|9999|
9999|9999|9999|9999|9999|9999|9999|9999|9999|9999|9999|9999|9999|9999|9999|9999|9999|9999|9999|9999|9999|9999|9999|9999|9999|9999|9999|9999|9999|9999|9999|9999|9999|9999|9999|9999|9999|9999|9999|9999|9999|9999|9999|9999|9999|9999|9999|9999|9999|9999|9999|9999|9999|9999|9999|9999|9999|9999|9999|9999|9999|9999|9999|9999|9999|9999|9999|9999|9999|9999|9999|9999|9999|9999|9999|9999|9999|9999|9999|9999|9999|9999|9999|9999|9999|9999|9999|9999|9999|9999|9999|9999|9999|9999|9999|9999|9999|9999|9999|9999|
9999|9999|9999|9999|9999|9999|9999|9999|9999|9999|9999|9999|9999|9999|9999|9999|9999|9999|9999|9999|9999|9999|9999|9999|9999|9999|9999|9999|9999|9999|9999|9999|9999|9999|9999|9999|9999|9999|9999|9999|9999|9999|9999|9999|9999|9999|9999|9999|9999|9999|9999|9999|9999|9999|9999|9999|9999|9999|9999|9999|9999|9999|9999|9999|9999|9999|9999|9999|9999|9999|9999|9999|9999|9999|9999|9999|9999|9999|9999|9999|9999|9999|9999|9999|9999|9999|9999|9999|9999|9999|9999|9999|9999|9999|9999|9999|9999|9999|9999|9999|
9999|9999|9999|9999|9999|9999|9999|9999|9999|9999|9999|9999|9999|9999|9999|9999|9999|9999|9999|9999|9999|9999|9999|9999|9999|9999|9999|9999|9999|9999|9999|9999|9999|9999|9999|9999|9999|9999|9999|9999|9999|9999|9999|9999|9999|9999|9999|9999|9999|9999|9999|9999|9999|9999|9999|9999|9999|9999|9999|9999|9999|9999|9999|9999|9999|9999|9999|9999|9999|9999|9999|9999|9999|9999|9999|9999|9999|9999|9999|9999|9999|9999|9999|9999|9999|9999|9999|9999|9999|9999|9999|9999|9999|9999|9999|9999|9999|9999|9999|9999|
9999|9999|9999|9999|9999|9999|9999|9999|9999|9999|9999|9999|9999|9999|9999|9999|9999|9999|9999|9999|9999|9999|9999|9999|9999|9999|9999|9999|9999|9999|9999|9999|9999|9999|9999|9999|9999|9999|9999|9999|9999|9999|9999|9999|9999|9999|9999|9999|9999|9999|9999|9999|9999|9999|9999|9999|9999|9999|9999|9999|9999|9999|9999|9999|9999|9999|9999|9999|9999|9999|9999|9999|9999|9999|9999|9999|9999|9999|9999|9999|9999|9999|9999|9999|9999|9999|9999|9999|9999|9999|9999|9999|9999|9999|9999|9999|9999|9999|9999|9999|
9999|9999|9999|9999|9999|9999|9999|9999|9999|9999|9999|9999|9999|9999|9999|9999|9999|9999|9999|9999|9999|9999|9999|9999|9999|9999|9999|9999|9999|9999|9999|9999|9999|9999|9999|9999|9999|9999|9999|9999|9999|9999|9999|9999|9999|9999|9999|9999|9999|9999|9999|9999|9999|9999|9999|9999|9999|9999|9999|9999|9999|9999|9999|9999|9999|9999|9999|9999|9999|9999|9999|9999|9999|9999|9999|9999|9999|9999|9999|9999|9999|9999|9999|9999|9999|9999|9999|9999|9999|9999|9999|9999|9999|9999|9999|9999|9999|9999|9999|9999|
9999|9999|9999|9999|9999|9999|9999|9999|9999|9999|9999|9999|9999|9999|9999|9999|9999|9999|9999|9999|9999|9999|9999|9999|9999|9999|9999|9999|9999|9999|9999|9999|9999|9999|9999|9999|9999|9999|9999|9999|9999|9999|9999|9999|9999|9999|9999|9999|9999|9999|9999|9999|9999|9999|9999|9999|9999|9999|9999|9999|9999|9999|9999|9999|9999|9999|9999|9999|9999|9999|9999|9999|9999|9999|9999|9999|9999|9999|9999|9999|9999|9999|9999|9999|9999|9999|9999|9999|9999|9999|9999|9999|9999|9999|9999|9999|9999|9999|9999|9999|
9999|9999|9999|9999|9999|9999|9999|9999|9999|9999|9999|9999|9999|9999|9999|9999|9999|9999|9999|9999|9999|9999|9999|9999|9999|9999|9999|9999|9999|9999|9999|9999|9999|9999|9999|9999|9999|9999|9999|9999|9999|9999|9999|9999|9999|9999|9999|9999|9999|9999|9999|9999|9999|9999|9999|9999|9999|9999|9999|9999|9999|9999|9999|9999|9999|9999|9999|9999|9999|9999|9999|9999|9999|9999|9999|9999|9999|9999|9999|9999|9999|9999|9999|9999|9999|9999|9999|9999|9999|9999|9999|9999|9999|9999|9999|9999|9999|9999|9999|9999|
9999|9999|9999|9999|9999|9999|9999|9999|9999|9999|9999|9999|9999|9999|9999|9999|9999|9999|9999|9999|9999|9999|9999|9999|9999|9999|9999|9999|9999|9999|9999|9999|9999|9999|9999|9999|9999|9999|9999|9999|9999|9999|9999|9999|9999|9999|9999|9999|9999|9999|9999|9999|9999|9999|9999|9999|9999|9999|9999|9999|9999|9999|9999|9999|9999|9999|9999|9999|9999|9999|9999|9999|9999|9999|9999|9999|9999|9999|9999|9999|9999|9999|9999|9999|9999|9999|9999|9999|9999|9999|9999|9999|9999|9999|9999|9999|9999|9999|9999|9999|
9999|9999|9999|9999|9999|9999|9999|9999|9999|9999|9999|9999|9999|9999|9999|9999|9999|9999|9999|9999|9999|9999|9999|9999|9999|9999|9999|9999|9999|9999|9999|9999|9999|9999|9999|9999|9999|9999|9999|9999|9999|9999|9999|9999|9999|9999|9999|9999|9999|9999|9999|9999|9999|9999|9999|9999|9999|9999|9999|9999|9999|9999|9999|9999|9999|9999|9999|9999|9999|9999|9999|9999|9999|9999|9999|9999|9999|9999|9999|9999|9999|9999|9999|9999|9999|9999|9999|9999|9999|9999|9999|9999|9999|9999|9999|9999|9999|9999|9999|9999|
9999|9999|9999|9999|9999|9999|9999|9999|9999|9999|9999|9999|9999|9999|9999|9999|9999|9999|9999|9999|9999|9999|9999|9999|9999|9999|9999|9999|9999|9999|9999|9999|9999|9999|9999|9999|9999|9999|9999|9999|9999|9999|9999|9999|9999|9999|9999|9999|9999|9999|9999|9999|9999|9999|9999|9999|9999|9999|9999|9999|9999|9999|9999|9999|9999|9999|9999|9999|9999|9999|9999|9999|9999|9999|9999|9999|9999|9999|9999|9999|9999|9999|9999|9999|9999|9999|9999|9999|9999|9999|9999|9999|9999|9999|9999|9999|9999|9999|9999|9999|
9999|9999|9999|9999|9999|9999|9999|9999|9999|9999|9999|9999|9999|9999|9999|9999|9999|9999|9999|9999|9999|9999|9999|9999|9999|9999|9999|9999|9999|9999|9999|9999|9999|9999|9999|9999|9999|9999|9999|9999|9999|9999|9999|9999|9999|9999|9999|9999|9999|9999|9999|9999|9999|9999|9999|9999|9999|9999|9999|9999|9999|9999|9999|9999|9999|9999|9999|9999|9999|9999|9999|9999|9999|9999|9999|9999|9999|9999|9999|9999|9999|9999|9999|9999|9999|9999|9999|9999|9999|9999|9999|9999|9999|9999|9999|9999|9999|9999|9999|9999|
9999|9999|9999|9999|9999|9999|9999|9999|9999|9999|9999|9999|9999|9999|9999|9999|9999|9999|9999|9999|9999|9999|9999|9999|9999|9999|9999|9999|9999|9999|9999|9999|9999|9999|9999|9999|9999|9999|9999|9999|9999|9999|9999|9999|9999|9999|9999|9999|9999|9999|9999|9999|9999|9999|9999|9999|9999|9999|9999|9999|9999|9999|9999|9999|9999|9999|9999|9999|9999|9999|9999|9999|9999|9999|9999|9999|9999|9999|9999|9999|9999|9999|9999|9999|9999|9999|9999|9999|9999|9999|9999|9999|9999|9999|9999|9999|9999|9999|9999|9999|
9999|9999|9999|9999|9999|9999|9999|9999|9999|9999|9999|9999|9999|9999|9999|9999|9999|9999|9999|9999|9999|9999|9999|9999|9999|9999|9999|9999|9999|9999|9999|9999|9999|9999|9999|9999|9999|9999|9999|9999|9999|9999|9999|9999|9999|9999|9999|9999|9999|9999|9999|9999|9999|9999|9999|9999|9999|9999|9999|9999|9999|9999|9999|9999|9999|9999|9999|9999|9999|9999|9999|9999|9999|9999|9999|9999|9999|9999|9999|9999|9999|9999|9999|9999|9999|9999|9999|9999|9999|9999|9999|9999|9999|9999|9999|9999|9999|9999|9999|9999|
9999|9999|9999|9999|9999|9999|9999|9999|9999|9999|9999|9999|9999|9999|9999|9999|9999|9999|9999|9999|9999|9999|9999|9999|9999|9999|9999|9999|9999|9999|9999|9999|9999|9999|9999|9999|9999|9999|9999|9999|9999|9999|9999|9999|9999|9999|9999|9999|9999|9999|9999|9999|9999|9999|9999|9999|9999|9999|9999|9999|9999|9999|9999|9999|9999|9999|9999|9999|9999|9999|9999|9999|9999|9999|9999|9999|9999|9999|9999|9999|9999|9999|9999|9999|9999|9999|9999|9999|9999|9999|9999|9999|9999|9999|9999|9999|9999|9999|9999|9999|
0 tiene 7 amigos
Amigo 8
Amigo 25
Amigo 15
Amigo 50
Amigo 77
Amigo 43
Amigo 87
1 tiene 4 amigos
Amigo 59
Amigo 32
Amigo 98
Amigo 2
2 tiene 0 amigos
3 tiene 14 amigos
Amigo 64
Amigo 80
Amigo 76
Amigo 44
Amigo 19
Amigo 9
Amigo 0
Amigo 57
Amigo 50
Amigo 83
Amigo 62
Amigo 92
Amigo 96
Amigo 17
4 tiene 3 amigos
Amigo 57
Amigo 53
Amigo 94
5 tiene 11 amigos
Amigo 16
Amigo 46
Amigo 64
Amigo 32
Amigo 56
Amigo 20
Amigo 4
Amigo 63
Amigo 31
Amigo 5
Amigo 80
6 tiene 9 amigos
Amigo 46
Amigo 0
Amigo 33
Amigo 56
Amigo 61
Amigo 59
Amigo 83
Amigo 64
Amigo 29
7 tiene 2 amigos
Amigo 76
Amigo 97
8 tiene 4 amigos
Amigo 59
Amigo 85
Amigo 52
Amigo 9
9 tiene 1 amigos
Amigo 78
10 tiene 14 amigos
Amigo 83
Amigo 68
Amigo 75
Amigo 79
Amigo 40
Amigo 60
Amigo 39
Amigo 11
Amigo 32
Amigo 31
Amigo 8
Amigo 67
Amigo 16
Amigo 73
11 tiene 1 amigos
Amigo 8
12 tiene 8 amigos
Amigo 65
Amigo 41
Amigo 38
Amigo 23
Amigo 75
Amigo 33
Amigo 4
Amigo 73
13 tiene 11 amigos
Amigo 60
Amigo 75
Amigo 85
Amigo 99
Amigo 86
Amigo 72
Amigo 45
Amigo 98
Amigo 3
Amigo 77
Amigo 29
14 tiene 3 amigos
Amigo 86
Amigo 3
Amigo 31
15 tiene 11 amigos
Amigo 40
Amigo 0
Amigo 65
Amigo 38
Amigo 89
Amigo 74
Amigo 83
Amigo 12
Amigo 10
Amigo 54
Amigo 43
16 tiene 3 amigos
Amigo 66
Amigo 75
Amigo 57
17 tiene 2 amigos
Amigo 54
Amigo 53
18 tiene 10 amigos
Amigo 58
Amigo 55
Amigo 37
Amigo 45
Amigo 7
Amigo 67
Amigo 13
Amigo 90
Amigo 56
Amigo 16
19 tiene 5 amigos
Amigo 30
Amigo 14
Amigo 1
Amigo 46
Amigo 31
20 tiene 6 amigos
Amigo 89
Amigo 82
Amigo 50
Amigo 53
Amigo 31
Amigo 29
21 tiene 14 amigos
Amigo 54
Amigo 15
Amigo 3
Amigo 12
Amigo 46
Amigo 86
Amigo 33
Amigo 53
Amigo 26
Amigo 18
Amigo 22
Amigo 44
Amigo 72
Amigo 4
22 tiene 6 amigos
Amigo 78
Amigo 34
Amigo 54
Amigo 49
Amigo 65
Amigo 29
23 tiene 10 amigos
Amigo 31
Amigo 54
Amigo 50
Amigo 65
Amigo 79
Amigo 97
Amigo 22
Amigo 0
Amigo 62
Amigo 59
24 tiene 11 amigos
Amigo 6
Amigo 13
Amigo 0
Amigo 33
Amigo 40
Amigo 43
Amigo 70
Amigo 10
Amigo 75
Amigo 99
Amigo 88
25 tiene 9 amigos
Amigo 81
Amigo 51
Amigo 18
Amigo 83
Amigo 59
Amigo 35
Amigo 32
Amigo 39
Amigo 27
26 tiene 14 amigos
Amigo 42
Amigo 46
Amigo 41
Amigo 94
Amigo 72
Amigo 50
Amigo 48
Amigo 44
Amigo 49
Amigo 78
Amigo 9
Amigo 58
Amigo 8
Amigo 38
27 tiene 9 amigos
Amigo 70
Amigo 12
Amigo 2
Amigo 31
Amigo 11
Amigo 73
Amigo 19
Amigo 0
Amigo 94
28 tiene 5 amigos
Amigo 9
Amigo 6
Amigo 74
Amigo 31
Amigo 65
29 tiene 3 amigos
Amigo 99
Amigo 11
Amigo 42
30 tiene 1 amigos
Amigo 50
31 tiene 2 amigos
Amigo 38
Amigo 50
32 tiene 1 amigos
Amigo 89
33 tiene 5 amigos
Amigo 13
Amigo 91
Amigo 42
Amigo 14
Amigo 24
34 tiene 3 amigos
Amigo 63
Amigo 34
Amigo 93
35 tiene 1 amigos
Amigo 76
36 tiene 5 amigos
Amigo 56
Amigo 39
Amigo 81
Amigo 90
Amigo 57
37 tiene 14 amigos
Amigo 11
Amigo 21
Amigo 23
Amigo 16
Amigo 5
Amigo 18
Amigo 2
Amigo 39
Amigo 33
Amigo 24
Amigo 37
Amigo 91
Amigo 87
Amigo 17
38 tiene 11 amigos
Amigo 65
Amigo 19
Amigo 46
Amigo 4
Amigo 89
Amigo 34
Amigo 95
Amigo 5
Amigo 43
Amigo 73
Amigo 68
39 tiene 13 amigos
Amigo 15
Amigo 64
Amigo 90
Amigo 50
Amigo 79
Amigo 43
Amigo 87
Amigo 31
Amigo 73
Amigo 67
Amigo 0
Amigo 22
Amigo 94
40 tiene 1 amigos
Amigo 76
41 tiene 13 amigos
Amigo 9
Amigo 98
Amigo 45
Amigo 87
Amigo 76
Amigo 47
Amigo 85
Amigo 93
Amigo 56
Amigo 3
Amigo 19
Amigo 84
Amigo 36
42 tiene 4 amigos
Amigo 92
Amigo 8
Amigo 6
Amigo 62
43 tiene 11 amigos
Amigo 43
Amigo 30
Amigo 85
Amigo 3
Amigo 6
Amigo 52
Amigo 2
Amigo 63
Amigo 73
Amigo 7
Amigo 76
44 tiene 14 amigos
Amigo 43
Amigo 97
Amigo 4
Amigo 31
Amigo 39
Amigo 96
Amigo 56
Amigo 19
Amigo 25
Amigo 24
Amigo 89
Amigo 36
Amigo 18
Amigo 79
45 tiene 10 amigos
Amigo 17
Amigo 16
Amigo 68
Amigo 26
Amigo 64
Amigo 61
Amigo 81
Amigo 42
Amigo 40
Amigo 51
46 tiene 3 amigos
Amigo 86
Amigo 53
Amigo 97
47 tiene 5 amigos
Amigo 43
Amigo 40
Amigo 0
Amigo 44
Amigo 67
48 tiene 14 amigos
Amigo 20
Amigo 48
Amigo 32
Amigo 55
Amigo 51
Amigo 71
Amigo 18
Amigo 11
Amigo 3
Amigo 60
Amigo 80
Amigo 52
Amigo 92
Amigo 67
49 tiene 12 amigos
Amigo 76
Amigo 73
Amigo 94
Amigo 48
Amigo 36
Amigo 22
Amigo 20
Amigo 19
Amigo 50
Amigo 4
Amigo 70
Amigo 17
50 tiene 10 amigos
Amigo 63
Amigo 73
Amigo 99
Amigo 0
Amigo 61
Amigo 40
Amigo 72
Amigo 75
Amigo 95
Amigo 31
51 tiene 4 amigos
Amigo 1
Amigo 30
Amigo 23
Amigo 26
52 tiene 5 amigos
Amigo 36
Amigo 32
Amigo 93
Amigo 89
Amigo 53
53 tiene 13 amigos
Amigo 48
Amigo 85
Amigo 18
Amigo 43
Amigo 26
Amigo 13
Amigo 86
Amigo 93
Amigo 95
Amigo 45
Amigo 53
Amigo 70
Amigo 98
54 tiene 0 amigos
55 tiene 5 amigos
Amigo 59
Amigo 49
Amigo 78
Amigo 40
Amigo 79
56 tiene 6 amigos
Amigo 76
Amigo 86
Amigo 8
Amigo 32
Amigo 99
Amigo 49
57 tiene 8 amigos
Amigo 62
Amigo 61
Amigo 80
Amigo 77
Amigo 58
Amigo 34
Amigo 95
Amigo 0
58 tiene 10 amigos
Amigo 75
Amigo 57
Amigo 67
Amigo 30
Amigo 90
Amigo 95
Amigo 61
Amigo 51
Amigo 42
Amigo 58
59 tiene 13 amigos
Amigo 74
Amigo 76
Amigo 18
Amigo 99
Amigo 10
Amigo 62
Amigo 24
Amigo 37
Amigo 72
Amigo 7
Amigo 57
Amigo 3
Amigo 14
60 tiene 7 amigos
Amigo 55
Amigo 3
Amigo 49
Amigo 43
Amigo 29
Amigo 56
Amigo 4
61 tiene 1 amigos
Amigo 9
62 tiene 14 amigos
Amigo 66
Amigo 64
Amigo 82
Amigo 87
Amigo 75
Amigo 29
Amigo 47
Amigo 74
Amigo 78
Amigo 79
Amigo 17
Amigo 8
Amigo 50
Amigo 44
63 tiene 1 amigos
Amigo 16
64 tiene 11 amigos
Amigo 88
Amigo 22
Amigo 9
Amigo 79
Amigo 54
Amigo 43
Amigo 29
Amigo 45
Amigo 74
Amigo 44
Amigo 33
65 tiene 0 amigos
66 tiene 8 amigos
Amigo 94
Amigo 12
Amigo 29
Amigo 61
Amigo 76
Amigo 9
Amigo 93
Amigo 39
67 tiene 9 amigos
Amigo 0
Amigo 56
Amigo 32
Amigo 7
Amigo 67
Amigo 73
Amigo 66
Amigo 33
Amigo 72
68 tiene 3 amigos
Amigo 31
Amigo 9
Amigo 45
69 tiene 13 amigos
Amigo 13
Amigo 10
Amigo 3
Amigo 9
Amigo 64
Amigo 11
Amigo 7
Amigo 32
Amigo 67
Amigo 1
Amigo 5
Amigo 94
Amigo 69
70 tiene 14 amigos
Amigo 28
Amigo 10
Amigo 6
Amigo 44
Amigo 96
Amigo 21
Amigo 3
Amigo 67
Amigo 1
Amigo 27
Amigo 93
Amigo 24
Amigo 29
Amigo 84
71 tiene 9 amigos
Amigo 48
Amigo 19
Amigo 1
Amigo 56
Amigo 42
Amigo 60
Amigo 44
Amigo 63
Amigo 96
72 tiene 13 amigos
Amigo 6
Amigo 88
Amigo 70
Amigo 87
Amigo 61
Amigo 41
Amigo 32
Amigo 67
Amigo 24
Amigo 17
Amigo 59
Amigo 52
Amigo 46
73 tiene 7 amigos
Amigo 99
Amigo 17
Amigo 85
Amigo 61
Amigo 21
Amigo 57
Amigo 82
74 tiene 3 amigos
Amigo 36
Amigo 61
Amigo 27
75 tiene 7 amigos
Amigo 0
Amigo 78
Amigo 72
Amigo 86
Amigo 9
Amigo 53
Amigo 31
76 tiene 1 amigos
Amigo 11
77 tiene 10 amigos
Amigo 45
Amigo 40
Amigo 54
Amigo 8
Amigo 61
Amigo 2
Amigo 1
Amigo 32
Amigo 34
Amigo 76
78 tiene 11 amigos
Amigo 22
Amigo 15
Amigo 13
Amigo 14
Amigo 18
Amigo 49
Amigo 30
Amigo 65
Amigo 96
Amigo 44
Amigo 12
79 tiene 4 amigos
Amigo 29
Amigo 20
Amigo 36
Amigo 47
80 tiene 3 amigos
Amigo 51
Amigo 46
Amigo 38
81 tiene 14 amigos
Amigo 31
Amigo 58
Amigo 47
Amigo 11
Amigo 77
Amigo 2
Amigo 78
Amigo 35
Amigo 69
Amigo 96
Amigo 60
Amigo 83
Amigo 20
Amigo 29
82 tiene 14 amigos
Amigo 96
Amigo 13
Amigo 16
Amigo 27
Amigo 42
Amigo 97
Amigo 57
Amigo 82
Amigo 41
Amigo 84
Amigo 72
Amigo 28
Amigo 68
Amigo 75
83 tiene 9 amigos
Amigo 26
Amigo 33
Amigo 48
Amigo 72
Amigo 20
Amigo 91
Amigo 46
Amigo 70
Amigo 77
84 tiene 0 amigos
85 tiene 1 amigos
Amigo 35
86 tiene 2 amigos
Amigo 13
Amigo 69
87 tiene 3 amigos
Amigo 68
Amigo 89
Amigo 60
88 tiene 11 amigos
Amigo 12
Amigo 98
Amigo 2
Amigo 46
Amigo 56
Amigo 30
Amigo 83
Amigo 28
Amigo 85
Amigo 14
Amigo 63
89 tiene 6 amigos
Amigo 16
Amigo 21
Amigo 32
Amigo 88
Amigo 81
Amigo 93
90 tiene 3 amigos
Amigo 85
Amigo 18
Amigo 97
91 tiene 7 amigos
Amigo 86
Amigo 65
Amigo 37
Amigo 20
Amigo 81
Amigo 5
Amigo 56
92 tiene 12 amigos
Amigo 2
Amigo 38
Amigo 80
Amigo 29
Amigo 18
Amigo 9
Amigo 81
Amigo 0
Amigo 64
Amigo 6
Amigo 88
Amigo 46
93 tiene 8 amigos
Amigo 47
Amigo 88
Amigo 36
Amigo 11
Amigo 21
Amigo 13
Amigo 10
Amigo 67
94 tiene 4 amigos
Amigo 2
Amigo 4
Amigo 24
Amigo 10
95 tiene 13 amigos
Amigo 59
Amigo 80
Amigo 76
Amigo 18
Amigo 3
Amigo 99
Amigo 55
Amigo 5
Amigo 68
Amigo 36
Amigo 25
Amigo 73
Amigo 15
96 tiene 8 amigos
Amigo 24
Amigo 72
Amigo 17
Amigo 36
Amigo 39
Amigo 15
Amigo 82
Amigo 48
97 tiene 2 amigos
Amigo 16
Amigo 52
98 tiene 9 amigos
Amigo 99
Amigo 80
Amigo 11
Amigo 8
Amigo 4
Amigo 2
Amigo 30
Amigo 43
Amigo 61
99 tiene 10 amigos
Amigo 78
Amigo 17
Amigo 74
Amigo 34
Amigo 37
Amigo 24
Amigo 49
Amigo 95
Amigo 36
Amigo 77
Nuevo Grafo 
000|002|002|002|003|003|002|002|001|002|002|003|002|003|003|001|003|003|002|003|003|003|003|003|003|001|003|002|004|003|002|002|002|003|002|002|003|003|002|002|002|003|003|001|003|002|003|003|003|003|001|002|002|003|002|003|003|003|003|002|002|002|003|002|003|002|004|003|002|003|003|004|002|002|002|002|002|001|003|003|003|002|003|002|004|002|003|001|003|002|003|003|003|003|003|002|003|003|003|002|003|000|001|002|002|003|003|002|002|003|002|002|004|003|002|004|003|003|002|003|004|003|004|003|002|004|004|003|004|003|002|003|001|003|003|004|003|002|003|003|003|003|004|002|003|003|003|003|004|003|003|003|003|003|004|003|003|002|003|001|003|002|002|003|003|004|003|003|003|004|003|005|002|003|002|003|002|003|003|003|002|003|003|003|004|003|003|003|003|002|003|003|003|003|003|003|003|003|001|002|000|001|002|002|000|002|003|002|003|002|001|003|002|003|003|002|002|003|001|002|001|002|003|002|003|002|002|002|003|003|002|002|002|003|002|002|003|002|003|002|002|002|003|003|002|001|002|002|002|002|003|001|002|003|002|002|003|002|001|002|003|003|002|001|002|001|003|002|003|003|003|002|003|002|002|002|002|001|002|002|002|001|002|002|001|003|003|003|002|002|002|003|002|001|003|003|002|001|002|003|002|002|003|002|003|000|003|003|003|003|003|002|003|004|002|004|003|003|003|002|004|003|003|004|004|002|003|002|003|003|003|003|003|003|003|002|003|003|003|003|003|003|003|003|002|003|002|003|003|002|003|003|003|003|001|003|003|003|001|002|003|003|002|002|003|003|004|003|003|003|003|002|003|003|003|003|003|003|002|003|003|002|003|003|003|003|002|002|003|003|004|003|004|003|002|001|002|003|004|002|003|003|003|003|003|001|001|003|003|002|002|003|003|003|003|003|004|001|003|003|003|001|003|002|003|003|003|003|003|003|002|003|001|001|002|003|004|003|003|002|003|003|003|003|002|002|002|001|003|003|002|002|002|003|002|002|004|001|002|003|003|004|003|003|001|001|003|002|004|003|003|003|004|003|003|002|002|002|003|003|002|001|003|002|003|003|003|002|004|002|002|004|003|004|003|002|003|003|002|003|002|001|003|003|002|003|003|000|002|002|002|002|002|003|002|002|002|003|003|002|003|002|003|002|003|002|002|002|003|003|001|003|003|002|001|003|003|003|002|003|003|003|003|002|002|002|002|001|003|002|002|002|003|003|002|002|003|001|002|003|001|003|001|002|003|001|003|003|003|003|003|002|003|002|003|002|003|002|002|003|002|003|003|003|001|003|003|002|002|002|003|003|002|003|003|003|003|003|002|003|002|004|005|005|005|005|005|005|000|003|004|004|002|004|004|005|005|002|005|004|006|005|004|005|005|005|005|004|005|005|004|005|004|003|005|004|005|003|005|005|004|005|005|005|004|005|004|005|004|004|005|005|005|002|003|005|005|004|003|004|004|005|004|004|005|005|005|003|004|005|005|004|005|004|005|005|003|001|004|004|005|004|004|005|005|005|004|004|005|004|003|004|006|005|003|004|004|005|001|004|005|003|004|003|002|004|003|003|002|000|001|002|003|003|003|002|003|003|003|002|003|004|003|003|003|002|004|003|003|004|003|003|003|002|003|003|002|002|002|004|003|003|003|004|003|003|003|003|003|003|003|003|004|001|002|004|003|003|002|003|001|003|003|002|004|003|003|003|003|003|004|003|004|002|003|002|003|002|003|002|003|003|003|003|003|004|001|003|003|003|002|003|003|003|002|004|003|003|003|003|002|003|004|004|003|003|004|004|003|004|000|003|004|002|002|002|002|003|003|002|003|003|004|002|003|003|003|004|004|004|003|002|003|004|003|003|004|003|003|003|003|003|003|004|003|002|003|004|004|003|002|003|004|004|004|003|003|003|004|003|004|003|004|004|004|004|002|004|003|004|004|003|004|003|003|003|003|003|003|001|003|004|004|003|003|004|003|003|004|004|003|003|004|004|004|003|004|002|003|003|003|002|003|003|002|002|003|003|002|001|002|000|001|003|003|003|002|001|002|003|003|002|002|002|004|003|003|002|003|003|002|003|001|001|002|003|003|002|003|002|001|001|003|003|002|003|002|002|002|002|002|002|003|002|002|003|002|002|002|003|002|001|002|003|003|002|003|002|001|001|003|002|003|002|001|003|001|002|002|002|001|003|003|002|001|003|002|002|002|003|002|002|002|003|003|002|003|003|003|003|002|004|005|004|003|005|004|004|003|001|002|003|000|004|004|003|004|004|004|003|004|005|004|004|004|003|005|004|004|005|004|004|004|003|004|004|003|003|003|005|004|004|004|005|004|004|004|004|004|004|004|004|005|002|003|005|004|004|003|004|002|004|004|003|005|004|004|004|004|004|005|004|005|003|004|003|004|003|004|003|004|004|004|004|004|005|002|004|004|004|003|004|004|004|003|005|004|004|004|004|003|002|003|003|002|001|002|003|003|003|002|003|003|000|002|002|003|003|002|003|002|003|002|002|001|002|003|003|003|003|003|003|002|003|001|002|003|002|003|001|003|003|001|002|002|003|002|002|002|003|003|002|003|003|002|002|003|002|002|003|002|003|002|002|003|003|001|003|003|002|003|003|004|002|001|003|001|002|003|002|002|003|003|002|003|002|002|002|002|003|002|003|002|003|002|002|002|003|002|002|002|002|002|002|001|002|003|002|003|002|002|003|002|003|000|003|003|002|002|003|002|003|003|003|003|002|003|002|003|003|001|002|002|002|003|002|002|002|002|003|003|002|002|002|002|002|001|002|003|003|002|002|002|002|002|002|002|002|002|003|002|001|002|002|003|002|003|003|002|002|002|002|004|001|003|002|001|002|001|002|003|002|002|003|002|003|001|001|002|002|003|003|003|002|003|003|002|002|003|001|001|002|003|003|001|003|003|003|003|003|002|003|003|004|002|000|003|004|002|003|002|003|004|003|004|003|003|003|004|004|003|003|001|003|003|003|004|003|004|002|003|003|004|004|003|002|003|003|003|003|004|002|003|004|003|003|004|003|002|003|004|003|003|002|003|002|003|003|003|003|002|003|004|003|003|003|003|002|003|003|003|002|003|003|002|004|003|001|003|003|003|004|003|002|004|003|003|002|003|003|003|001|003|002|002|002|002|002|002|002|003|001|002|001|003|003|000|002|003|003|002|002|002|003|002|003|002|002|002|003|003|002|002|002|002|002|003|002|003|001|002|001|002|003|001|003|003|002|003|002|003|002|003|002|003|001|003|003|003|003|003|002|002|003|002|003|001|003|002|002|003|002|003|002|002|001|002|002|002|003|002|003|002|003|001|003|002|003|002|002|001|003|002|003|002|003|002|003|003|003|003|002|003|003|003|003|003|003|004|003|002|003|003|002|003|003|003|000|003|003|004|004|003|003|003|003|003|003|004|004|002|003|002|003|003|002|004|003|004|003|002|003|003|003|003|003|003|003|003|003|003|003|003|003|002|003|003|004|001|002|003|004|002|002|003|003|003|001|003|003|003|003|004|002|003|003|001|002|002|002|003|002|004|003|004|004|003|002|003|003|004|003|004|004|002|002|002|003|004|003|003|004|003|003|003|003|003|003|003|003|003|003|003|004|002|004|003|003|000|002|004|003|003|004|004|003|003|002|003|003|003|003|004|003|004|004|003|003|003|003|004|003|003|003|002|003|002|003|003|002|003|003|003|003|001|001|003|003|004|003|003|003|003|004|003|003|004|004|003|003|003|002|003|003|003|004|003|003|003|003|004|003|003|004|004|003|002|002|004|003|004|003|004|003|002|003|002|003|004|002|003|002|003|002|002|003|002|003|001|002|003|003|002|003|001|003|003|001|002|000|003|003|002|003|002|002|003|002|004|004|002|002|003|002|002|003|003|003|001|003|002|002|003|002|003|003|001|003|003|003|002|003|002|003|003|003|001|001|002|001|002|002|002|003|003|002|003|002|001|002|003|003|004|002|002|003|002|002|002|002|002|003|002|003|003|004|002|002|002|003|003|001|002|003|003|003|002|003|002|002|002|003|001|002|002|003|003|004|003|003|003|003|003|005|003|001|004|003|003|003|000|004|004|004|004|003|004|003|004|004|004|001|001|002|004|003|004|004|003|002|004|003|004|004|003|003|003|001|004|003|004|002|004|003|002|004|004|004|003|004|002|004|003|003|003|003|003|004|004|003|003|003|004|003|003|003|003|003|004|004|004|003|004|004|003|004|003|002|004|004|003|004|004|003|003|004|003|003|002|002|003|002|003|003|003|003|003|003|003|003|003|003|002|003|002|003|003|002|003|002|003|000|002|003|004|003|003|002|002|002|001|003|001|002|003|003|003|003|003|002|003|002|002|002|002|003|002|003|003|002|003|001|003|003|001|003|003|003|002|003|003|003|002|003|002|003|003|003|003|002|003|002|003|002|002|003|002|003|003|003|004|003|002|001|003|002|002|002|003|002|001|003|004|003|002|003|002|002|002|002|002|002|003|003|001|001|003|002|002|002|002|002|003|001|002|002|001|002|002|001|002|003|000|001|002|002|002|001|003|003|002|003|002|002|001|002|003|002|002|002|002|002|002|002|002|001|002|001|003|002|002|002|003|002|001|001|002|002|002|002|002|003|002|002|003|002|002|003|002|003|002|002|003|001|002|002|002|002|003|002|002|002|003|003|002|003|002|001|002|002|002|002|002|002|002|002|002|002|002|002|003|003|003|003|003|002|004|003|003|003|004|003|002|002|002|002|002|003|002|002|002|002|003|000|003|003|003|004|003|003|001|002|003|003|003|001|004|002|003|003|003|003|003|002|003|002|003|003|003|002|001|002|003|003|003|001|003|003|003|003|004|003|003|003|002|004|001|004|003|004|004|002|003|003|002|003|003|002|003|001|003|003|003|003|003|003|003|003|004|003|003|003|004|003|002|002|003|002|003|003|002|001|003|003|002|003|003|003|002|002|003|002|003|003|003|002|002|002|002|002|003|002|003|001|000|002|002|004|003|003|002|003|001|003|003|002|003|002|002|002|003|002|003|003|002|002|003|003|002|003|002|001|003|002|003|001|003|003|002|003|001|003|002|001|002|002|001|002|003|003|004|003|004|002|002|002|002|002|002|002|001|003|003|002|003|003|003|003|002|003|003|003|003|003|003|003|002|003|001|004|002|001|002|002|002|003|003|001|002|002|002|001|002|002|001|002|002|002|002|003|003|003|002|003|003|000|002|003|002|002|002|002|002|002|001|002|003|002|002|003|002|001|003|002|001|002|002|002|003|003|002|002|003|002|002|003|003|002|003|004|002|002|002|003|002|002|003|003|002|002|003|001|004|002|002|002|001|002|002|002|002|003|003|003|002|002|002|002|002|001|003|003|002|003|002|003|002|002|003|002|001|002|002|002|002|003|003|003|002|003|003|002|002|002|002|002|002|002|003|001|002|002|003|002|002|002|000|002|001|003|002|002|002|001|002|003|001|003|002|003|001|003|003|003|002|003|002|002|002|002|003|002|001|003|003|003|002|002|002|002|001|002|003|002|003|002|003|003|002|003|002|002|003|002|002|002|003|002|002|002|002|003|001|003|001|003|003|003|002|003|002|002|002|003|003|002|003|002|003|003|002|002|003|002|002|002|002|002|003|001|001|002|002|002|002|002|002|003|002|002|002|002|003|002|003|002|002|000|003|003|003|002|002|002|003|002|003|002|003|001|002|002|001|001|002|001|002|001|002|001|001|001|002|002|002|003|002|002|002|001|002|002|002|002|002|003|002|003|002|002|003|002|002|001|002|003|002|002|003|001|002|002|003|003|003|002|002|002|002|002|002|002|004|002|002|001|002|002|002|002|002|001|002|001|002|002|003|002|003|002|003|002|001|001|003|002|002|003|002|003|001|004|002|003|002|002|002|003|000|002|002|002|001|003|002|003|003|003|003|002|003|003|002|003|002|002|003|002|003|003|003|002|003|003|003|003|004|003|002|003|003|003|002|003|003|003|002|003|002|003|004|001|004|003|001|003|002|003|002|003|003|003|003|002|003|002|002|003|002|003|003|004|003|003|002|001|003|002|003|003|002|002|004|003|003|003|003|001|003|003|001|003|003|003|003|003|003|004|004|003|003|003|004|003|004|003|003|003|002|000|002|003|001|003|002|003|004|002|003|002|003|003|004|003|003|003|003|002|004|003|003|002|004|004|003|003|004|002|003|004|002|004|002|003|003|002|001|004|004|003|004|003|004|003|003|001|003|003|003|002|003|004|003|004|002|004|004|003|003|003|003|003|003|004|004|003|003|003|003|004|003|003|003|003|003|003|003|002|004|002|003|003|001|003|003|003|003|003|002|003|003|003|003|003|003|002|003|004|003|004|000|003|004|003|003|002|004|002|002|003|003|003|004|001|003|003|003|003|003|003|002|003|004|003|003|003|003|003|003|004|003|004|003|002|003|003|003|003|004|003|004|003|004|004|003|002|003|003|002|002|003|003|003|003|003|004|003|004|003|003|004|003|003|002|003|003|002|003|004|004|001|002|004|004|003|004|003|003|004|003|003|004|004|004|004|004|003|003|003|003|004|004|003|004|004|003|003|004|004|004|004|000|002|003|004|003|004|003|003|003|004|002|003|004|003|004|004|003|004|004|003|001|004|003|003|004|003|004|003|004|003|004|002|004|002|004|004|004|003|003|004|003|005|002|002|003|002|003|003|003|004|003|004|003|004|004|003|003|003|003|004|004|004|004|004|004|002|004|004|004|002|002|003|003|003|002|002|003|003|003|003|004|004|004|004|003|003|003|003|003|002|003|003|004|004|003|003|004|004|004|004|003|000|003|004|002|004|003|003|001|004|002|003|004|002|004|003|002|004|004|003|001|004|003|003|004|003|003|003|004|003|004|002|004|002|003|002|004|003|002|004|003|005|002|002|003|002|003|003|003|004|003|003|003|004|004|003|003|003|003|002|004|004|004|003|003|002|004|003|004|002|004|004|003|003|003|004|004|004|004|004|003|003|003|003|003|003|002|004|003|004|003|002|003|004|004|004|003|005|003|003|003|003|000|003|004|003|003|004|004|004|004|004|004|004|003|004|003|003|004|004|004|004|004|003|003|004|003|003|003|004|003|004|004|003|004|004|003|003|004|003|004|005|003|004|004|003|004|003|003|004|004|002|004|003|005|003|003|004|002|001|004|004|004|002|004|004|003|004|003|004|002|003|003|002|003|002|002|003|002|003|002|003|003|001|001|003|003|003|003|003|002|003|004|003|001|003|003|003|003|002|003|002|003|000|003|003|003|002|003|003|002|003|001|002|003|002|003|003|004|003|003|003|003|003|003|003|002|003|003|003|002|003|002|003|003|002|003|003|003|003|002|005|002|003|003|002|003|002|003|003|003|002|003|003|003|002|002|003|002|003|004|001|002|003|004|003|003|004|002|002|003|004|003|003|003|005|004|003|003|004|002|002|003|002|003|003|002|004|003|004|004|002|003|004|004|004|003|005|003|003|003|003|003|003|001|004|002|004|004|003|003|004|004|003|003|003|003|002|004|004|004|004|004|003|003|004|003|003|004|004|003|004|004|001|004|004|003|002|003|004|004|005|003|003|004|003|004|003|004|003|004|003|004|003|005|003|003|004|002|004|003|004|004|001|004|004|004|004|003|003|006|007|006|005|007|006|006|005|003|004|005|002|006|006|005|006|006|006|005|006|007|006|006|006|005|007|006|006|007|006|006|006|005|006|006|000|005|005|007|006|006|006|007|006|006|006|006|006|006|006|006|007|004|005|007|006|006|005|006|004|006|006|005|007|006|006|006|006|006|007|006|007|005|006|005|006|001|006|005|006|006|006|006|006|007|004|006|006|006|005|006|006|006|005|007|006|006|006|006|005|002|003|002|003|003|003|003|003|002|003|003|002|003|003|003|002|003|003|002|003|002|003|002|004|003|003|003|004|004|002|003|002|002|003|002|002|000|003|003|001|003|004|003|002|003|003|003|002|003|002|002|003|003|003|003|003|001|001|002|003|002|002|002|003|002|003|003|002|003|002|003|004|003|002|003|003|002|002|002|002|002|001|003|002|004|002|002|002|003|003|001|003|004|003|002|002|002|002|004|002|002|003|001|002|002|001|002|002|002|003|002|001|002|002|002|002|001|001|001|003|002|001|002|001|001|003|002|003|003|003|003|002|002|001|003|003|003|001|003|001|002|003|002|002|002|002|002|003|003|003|002|003|003|002|002|002|002|002|002|002|002|003|002|002|002|002|002|002|002|003|002|004|002|002|003|002|003|003|003|002|002|002|003|003|003|003|002|001|002|002|002|001|003|003|002|003|003|002|003|002|003|002|002|002|001|001|002|002|003|002|003|003|003|003|002|002|002|002|002|001|002|002|003|004|003|002|003|003|003|003|002|002|002|003|001|003|002|003|000|003|003|003|003|001|003|002|001|003|003|003|003|003|002|002|003|002|002|002|003|002|003|002|003|002|002|001|003|003|001|003|003|004|003|001|003|003|002|003|003|003|002|002|002|003|003|002|002|004|002|001|003|004|003|002|002|001|003|002|003|002|001|003|002|002|002|003|002|002|002|002|002|003|002|003|003|001|003|002|002|003|002|002|001|003|002|002|003|003|003|002|002|001|002|002|002|003|002|003|002|000|002|003|003|001|002|002|003|002|003|002|001|003|002|003|002|003|002|002|003|003|002|002|003|002|001|002|002|001|002|004|003|004|002|001|002|002|002|002|002|001|003|003|002|002|003|002|003|001|002|002|001|003|003|003|001|002|003|002|003|002|006|007|006|005|007|006|006|005|003|004|005|002|006|006|005|006|006|006|005|006|007|006|006|006|005|007|006|006|007|006|006|006|005|006|006|005|005|005|007|006|000|006|007|006|006|006|006|006|006|006|006|007|004|005|007|006|006|005|006|004|006|006|005|007|006|006|006|006|006|007|006|007|005|006|005|006|001|006|005|006|006|006|006|006|007|004|006|006|006|005|006|006|006|005|007|006|006|006|006|005|002|002|002|001|002|004|003|003|002|001|002|002|003|002|002|003|002|002|003|001|003|002|003|003|003|003|002|004|003|003|002|002|002|003|003|002|001|003|003|002|002|000|002|002|002|001|002|001|003|002|002|002|003|003|003|003|001|002|003|003|002|002|002|003|002|003|003|002|002|003|003|004|003|003|003|003|001|003|002|003|002|002|003|002|001|001|002|001|002|002|002|003|002|001|003|003|002|003|001|002|002|004|002|003|003|003|001|003|001|002|003|003|003|003|003|003|003|002|002|003|003|004|003|004|003|003|003|003|003|002|003|003|003|002|003|003|003|003|002|003|003|003|000|003|002|003|002|002|003|003|002|003|002|003|003|003|002|003|003|002|003|002|001|003|002|003|002|003|003|003|003|004|003|003|002|002|003|003|002|002|002|002|002|002|003|002|003|002|002|003|003|003|001|003|003|003|003|003|003|003|002|003|001|001|003|004|001|001|003|002|003|002|003|003|003|003|002|002|003|002|003|002|003|004|003|003|003|003|003|002|001|003|002|002|003|002|002|003|003|003|003|003|003|001|002|003|002|003|003|003|002|003|001|002|003|004|002|002|003|002|004|002|002|001|002|004|003|003|003|004|003|004|003|001|003|003|001|003|003|003|002|003|002|002|003|001|003|003|003|002|003|003|002|002|004|003|002|002|003|002|002|002|002|002|001|003|002|002|002|003|002|003|003|002|002|002|002|002|001|001|002|002|002|003|001|001|003|002|003|002|002|001|002|002|003|002|001|002|002|001|002|003|003|001|000|002|002|002|002|002|002|002|002|002|003|002|001|002|002|002|003|003|003|002|002|003|003|002|003|003|002|003|002|002|003|002|002|003|003|001|003|002|002|002|003|002|002|002|002|001|002|003|003|002|002|003|001|001|003|002|003|002|002|003|003|003|002|003|002|002|003|002|003|003|003|003|001|001|003|003|002|004|002|002|003|003|001|003|003|002|002|002|003|002|003|002|003|004|002|003|001|002|001|002|002|000|002|002|002|002|002|001|003|002|002|003|003|002|002|003|002|001|002|003|001|003|002|003|001|002|003|003|002|003|002|002|002|002|002|002|003|001|003|002|003|003|003|003|002|003|003|003|002|003|002|003|002|003|003|003|004|003|003|003|003|003|003|003|003|003|003|003|004|002|004|003|002|003|002|004|003|003|004|004|003|003|002|003|003|003|003|004|003|004|004|003|003|003|003|004|003|003|003|002|003|002|000|003|002|003|003|003|002|001|004|003|003|003|003|003|003|003|004|003|003|004|003|003|003|002|002|003|003|003|004|003|003|003|003|004|003|003|004|004|003|002|001|004|003|003|003|004|003|002|003|002|003|001|002|003|001|003|002|002|002|004|002|002|002|003|003|003|003|003|003|002|003|003|002|002|003|003|003|004|002|002|004|003|004|003|002|002|002|002|003|003|002|003|003|002|001|003|003|001|001|003|003|000|003|003|002|003|002|003|003|003|002|003|003|003|003|003|003|002|003|003|002|001|003|004|003|004|002|002|003|003|002|002|004|002|003|003|003|003|004|002|003|002|003|002|003|003|003|003|003|003|002|002|004|003|002|002|002|001|002|003|002|002|002|002|003|001|003|002|003|003|002|002|001|002|001|003|003|002|003|003|002|003|003|002|002|002|001|002|003|003|002|002|002|003|002|003|002|002|002|002|002|003|001|002|002|001|001|002|003|001|002|002|002|002|001|003|002|002|002|003|002|001|003|003|003|001|002|002|003|003|002|003|002|002|001|002|002|002|003|003|003|003|002|002|002|003|001|002|003|003|002|003|003|003|002|002|002|002|001|003|002|003|003|003|002|002|003|003|002|003|003|001|002|001|001|002|001|003|002|003|003|002|002|002|002|002|002|003|002|003|001|003|003|002|002|003|003|003|002|003|002|003|001|000|001|002|002|002|002|002|002|002|003|003|002|002|003|002|003|002|003|002|003|003|001|002|002|001|003|002|001|003|002|003|002|002|002|003|002|002|003|003|003|002|002|004|002|002|001|002|002|003|003|002|001|003|003|002|003|002|002|003|002|002|003|003|003|003|003|002|002|002|002|003|003|002|003|003|002|002|003|003|003|003|003|001|002|003|002|003|002|002|002|003|001|002|003|002|003|003|002|003|003|002|000|003|002|002|003|002|003|002|003|002|003|001|003|001|003|003|003|002|002|003|002|004|001|001|002|001|002|002|002|003|002|003|002|003|003|002|002|002|002|003|003|003|003|003|003|001|003|003|003|001|002|001|002|003|003|003|003|003|002|002|003|003|003|003|003|003|003|003|003|003|003|004|002|001|003|003|001|004|004|003|001|002|002|004|003|004|003|003|002|003|003|002|002|003|002|003|002|003|002|002|002|000|003|003|002|003|003|003|002|002|003|003|002|003|003|002|003|003|003|004|003|003|002|003|003|003|003|003|002|002|003|004|003|004|003|003|003|003|003|003|003|004|003|003|002|003|003|002|002|003|003|003|003|003|003|003|003|003|003|003|002|002|003|002|003|003|002|003|002|004|003|002|003|004|003|003|002|003|003|003|003|003|001|003|003|003|001|003|003|002|003|003|003|002|003|002|003|002|002|003|003|003|000|001|003|003|002|002|003|003|003|003|003|003|003|004|003|002|003|003|002|003|003|003|004|003|003|003|003|003|003|002|004|003|003|002|002|003|002|001|002|004|003|001|003|002|003|003|002|003|003|002|002|002|002|002|002|002|002|002|002|002|003|001|003|002|002|002|001|003|002|002|003|003|002|002|001|002|002|002|002|003|002|003|003|002|002|002|002|003|002|002|002|001|002|001|002|002|001|002|002|002|002|001|003|002|002|003|002|002|002|002|003|002|002|003|003|002|002|002|001|002|002|002|003|002|002|002|002|003|002|002|003|003|002|001|001|003|002|003|002|003|002|001|002|001|002|003|001|002|000|003|003|003|002|002|003|003|002|003|003|002|003|002|002|002|002|003|002|002|002|002|003|002|003|002|003|004|003|003|002|002|003|003|003|003|004|002|002|003|003|001|003|003|003|002|003|003|002|002|001|002|003|003|003|003|000|003|002|003|001|003|003|002|003|003|002|003|003|003|004|002|003|002|002|002|003|002|003|001|001|003|003|003|003|003|003|003|003|003|003|003|003|003|003|002|003|002|003|003|002|003|003|003|003|002|003|003|003|001|002|003|002|003|002|003|003|003|002|003|002|002|003|002|003|002|003|004|003|003|003|003|003|001|003|002|003|002|002|004|003|003|004|004|003|003|003|003|004|002|001|002|003|002|003|003|003|000|003|004|002|003|003|003|003|003|003|004|003|003|002|002|003|003|002|002|003|001|002|002|004|003|003|003|004|003|002|001|003|003|002|003|003|003|003|002|002|003|004|003|001|001|002|002|002|003|002|003|003|002|002|003|003|003|003|003|002|003|002|002|003|003|003|003|003|003|002|003|003|003|002|002|003|002|003|001|003|002|003|002|003|002|003|002|002|002|002|002|002|004|003|002|002|003|003|002|002|003|000|001|002|003|001|001|002|002|003|002|002|002|004|004|005|003|002|002|002|002|001|002|002|001|003|002|003|003|003|003|002|003|003|002|004|003|002|003|001|003|003|003|002|002|002|003|002|003|002|002|002|002|002|003|003|003|003|003|002|003|003|002|003|003|003|003|002|003|002|002|003|004|003|001|002|002|002|002|003|002|003|003|003|003|003|001|003|003|003|003|003|003|003|002|001|003|002|003|002|002|001|001|002|004|001|002|003|003|003|002|001|002|003|003|004|002|002|003|001|002|002|002|003|002|003|003|003|004|002|002|003|003|003|001|003|002|003|003|001|003|002|003|002|002|003|002|001|003|002|002|001|002|002|001|002|003|002|001|003|002|002|001|002|003|002|003|002|001|003|003|002|003|002|003|002|002|002|002|004|002|001|003|002|002|002|003|002|002|002|002|002|003|002|002|003|002|003|003|002|002|001|002|000|002|002|001|003|002|003|002|002|002|003|002|004|001|002|001|002|001|002|002|002|002|003|002|002|003|003|002|002|002|003|002|002|002|003|003|002|002|002|003|001|002|003|002|001|001|004|002|002|002|002|003|002|003|003|003|003|003|002|003|002|002|003|002|004|003|003|003|003|003|001|002|003|002|003|003|003|002|003|003|003|002|004|002|001|002|003|003|003|002|001|002|003|002|002|003|001|001|002|003|002|000|003|002|002|002|003|003|003|004|003|002|003|003|002|003|003|002|003|002|002|002|003|003|002|003|002|002|003|003|003|003|003|002|003|002|003|002|003|003|002|004|005|005|004|004|005|005|004|005|001|004|005|003|003|003|003|004|004|003|004|004|005|003|004|004|004|005|005|005|004|003|004|005|004|004|005|004|004|004|004|004|004|005|004|003|004|005|005|004|003|004|005|005|005|004|004|004|005|004|005|004|000|005|005|005|003|005|004|005|005|004|005|004|004|004|004|004|004|002|004|005|005|004|004|005|004|004|005|005|004|004|005|005|005|004|005|003|004|004|004|002|003|003|003|002|003|003|003|001|002|003|002|002|002|002|002|002|001|002|002|002|003|002|003|002|002|003|002|002|001|002|002|003|002|003|003|002|003|003|002|002|002|002|002|001|002|003|001|003|002|001|003|002|002|002|003|002|002|003|002|002|002|000|002|001|002|001|002|002|003|003|004|002|002|001|001|002|003|001|001|003|003|001|003|002|002|002|001|002|002|003|003|003|002|002|002|002|002|003|002|003|004|004|004|004|004|004|005|004|003|004|004|003|004|004|004|001|004|004|005|005|004|004|004|004|004|004|005|005|003|004|003|004|004|003|005|004|005|004|003|004|004|004|004|004|004|004|004|004|004|004|004|004|003|004|004|005|002|003|004|005|003|003|000|004|004|002|004|004|004|004|005|003|004|004|002|003|003|003|004|003|005|004|005|005|004|003|004|004|005|004|005|005|003|003|003|004|005|004|004|003|003|002|002|002|003|002|002|003|001|003|002|002|002|002|003|002|002|002|002|002|003|001|003|002|002|002|002|002|001|002|002|003|001|002|003|002|003|003|002|002|003|002|001|001|001|002|002|003|002|003|002|002|003|001|003|002|003|003|003|003|002|003|002|000|002|003|003|002|003|003|004|003|002|001|003|002|003|002|001|003|002|003|002|004|002|003|003|001|002|003|002|003|003|003|003|002|002|002|002|000|002|004|002|003|002|003|003|003|003|001|002|002|001|002|003|002|003|003|003|003|003|002|002|002|002|003|003|004|003|001|003|002|003|002|003|004|002|003|002|001|003|002|002|002|003|003|003|002|004|003|002|004|003|003|003|004|003|003|004|003|003|001|003|003|002|002|000|002|003|004|003|005|003|002|003|002|001|003|002|002|004|003|003|003|003|003|003|002|002|003|002|003|003|001|001|003|003|003|003|002|001|003|003|003|003|003|002|001|002|002|003|003|002|002|002|002|003|002|003|003|003|002|003|003|002|002|003|003|003|002|003|003|001|001|003|003|003|003|003|002|003|002|002|002|003|003|002|003|003|002|002|003|002|003|003|004|001|002|003|002|003|002|003|003|003|003|001|001|003|003|002|004|001|001|003|003|002|002|003|003|003|003|002|003|003|002|002|002|002|002|003|002|003|002|002|003|003|002|003|002|003|003|003|004|003|003|003|004|003|001|004|003|003|003|003|003|002|002|003|003|003|004|003|003|004|004|002|004|004|003|003|001|004|003|003|003|004|004|002|004|002|003|002|003|003|001|003|003|003|003|002|002|004|003|003|004|004|003|003|004|003|002|003|003|002|003|003|004|000|003|004|004|003|003|003|003|003|003|002|003|004|002|004|003|004|004|004|004|003|003|004|004|003|004|003|003|003|004|004|003|002|001|002|001|002|001|003|001|002|001|001|001|003|001|003|003|002|002|003|002|002|003|002|004|002|003|003|003|003|002|003|002|001|002|003|003|003|003|003|002|002|003|003|002|002|002|002|003|003|003|002|003|003|003|002|003|002|002|003|002|002|003|002|002|001|003|002|001|002|001|003|004|002|002|002|002|002|002|002|002|002|003|003|002|004|002|002|003|002|002|003|003|002|003|001|003|002|002|002|002|002|001|002|001|002|004|001|002|002|002|001|002|002|002|003|002|002|002|002|002|003|001|002|003|001|002|002|001|001|001|003|002|002|002|003|003|002|003|003|002|002|003|002|002|001|003|002|002|002|003|002|003|003|002|002|003|002|002|003|002|002|002|002|003|002|002|002|001|002|003|000|003|002|002|002|002|002|003|003|002|002|003|002|002|001|003|002|003|002|002|003|003|002|001|002|003|001|002|002|002|003|001|002|002|002|004|002|003|002|003|003|002|003|003|002|002|002|002|002|001|002|003|003|003|002|002|003|003|003|002|002|002|002|003|003|003|002|003|003|002|003|003|001|002|001|003|002|003|001|002|003|002|002|003|003|002|001|003|003|002|001|003|002|001|003|003|003|002|003|003|003|000|002|003|003|003|002|003|003|002|002|003|002|003|003|003|002|003|003|002|003|004|002|003|003|003|001|002|002|002|002|002|002|002|003|003|001|002|003|002|002|003|002|002|002|003|003|001|002|002|003|002|003|003|001|003|003|002|002|002|002|003|001|002|003|003|002|002|003|003|002|001|003|002|002|002|001|002|003|003|003|003|001|002|002|003|002|002|003|001|002|001|002|002|002|003|002|001|002|003|001|004|000|002|002|002|002|003|003|003|003|003|003|002|002|002|002|001|001|002|003|003|003|002|003|003|002|002|002|002|002|003|003|002|002|003|003|003|003|002|003|003|002|002|003|002|002|001|002|003|003|001|002|003|002|003|002|002|002|003|003|003|003|002|002|002|002|002|003|003|003|002|002|003|002|003|002|003|003|002|003|003|003|002|002|003|003|001|002|003|003|001|002|003|003|003|003|003|002|003|003|004|002|000|002|002|003|002|002|003|002|003|001|003|002|001|002|003|003|003|003|003|003|003|003|002|002|002|003|001|002|003|002|003|003|004|003|004|003|002|003|002|002|004|003|003|004|003|003|002|003|003|003|003|003|003|004|001|003|003|003|002|003|003|003|003|001|004|003|002|004|003|004|003|003|004|003|003|004|003|003|004|004|004|004|004|002|002|003|004|003|001|003|004|003|003|004|003|004|003|002|005|004|002|000|003|003|003|003|003|003|002|003|003|003|003|003|003|004|004|002|004|004|003|002|003|003|003|004|003|001|003|003|003|003|003|002|003|002|001|003|003|002|002|002|002|003|002|002|003|003|003|002|003|002|002|002|003|003|003|002|001|002|003|003|003|003|003|002|003|003|002|003|002|002|002|002|003|002|002|002|003|002|001|003|003|003|003|003|002|003|002|003|003|003|002|003|002|003|002|002|003|001|003|003|000|003|002|001|003|003|003|003|003|003|002|001|002|002|003|003|004|003|002|003|002|002|003|002|003|005|006|005|004|006|005|005|004|002|003|004|001|005|005|004|005|005|005|004|005|006|005|005|005|004|006|005|005|006|005|005|005|004|005|005|004|004|004|006|005|005|005|006|005|005|005|005|005|005|005|005|006|003|004|006|005|005|004|005|003|005|005|004|006|005|005|005|005|005|006|005|006|004|005|004|005|000|005|004|005|005|005|005|005|006|003|005|005|005|004|005|005|005|004|006|005|005|005|005|004|004|001|001|003|003|004|003|003|001|002|003|002|004|003|003|004|002|002|003|004|003|003|003|003|003|004|002|004|004|003|003|003|001|003|001|003|003|003|003|004|001|003|002|003|003|001|003|003|003|003|003|002|002|003|001|004|004|003|003|002|003|001|003|002|002|004|003|003|002|003|004|004|003|004|003|003|001|000|003|003|003|002|004|003|004|002|004|004|003|002|004|004|003|002|003|004|003|004|002|003|002|003|003|002|002|003|003|002|003|003|002|003|001|001|001|001|002|002|001|002|002|003|001|002|002|002|003|003|003|002|001|002|003|002|002|003|002|002|002|002|002|002|003|002|001|002|003|003|002|001|002|003|003|003|002|002|002|003|002|003|002|003|003|003|003|001|003|002|003|003|002|003|002|002|002|002|002|002|000|002|003|003|002|002|003|002|002|003|003|002|002|003|003|003|002|003|001|002|002|002|002|004|003|003|003|004|003|003|003|004|004|002|004|003|004|003|003|003|003|003|001|003|003|004|003|003|003|003|003|001|003|002|003|003|003|003|001|003|003|002|002|003|002|002|002|003|004|001|003|003|002|004|003|002|004|004|002|002|003|004|003|003|003|003|003|004|003|002|003|003|003|004|003|003|003|003|003|003|003|000|003|002|002|003|003|003|003|003|003|002|002|004|003|003|003|003|003|003|003|002|003|002|003|003|002|002|003|003|003|003|004|004|004|003|003|003|003|003|003|002|003|003|003|002|004|003|002|004|004|004|002|003|003|004|002|004|003|004|001|004|004|003|003|002|003|003|001|004|003|003|003|001|003|002|003|003|003|003|003|003|004|003|003|003|003|002|004|004|002|003|003|004|003|002|004|004|003|004|003|003|000|003|003|004|004|003|002|004|003|002|004|005|004|003|003|002|004|002|003|003|002|002|001|002|002|002|003|002|002|002|002|001|002|002|002|002|003|002|002|003|001|003|002|003|002|003|002|003|003|001|002|001|002|002|002|001|002|003|002|002|002|003|002|002|002|002|002|001|002|002|002|002|003|002|002|002|002|002|001|003|001|002|003|003|002|002|003|002|003|001|002|003|002|003|003|002|002|001|001|003|003|000|002|001|003|003|003|003|003|002|002|002|003|003|002|002|001|003|003|002|002|003|002|002|003|003|002|003|002|002|003|002|002|001|003|002|001|002|003|002|003|003|003|003|002|003|003|001|001|002|003|002|002|003|002|003|002|003|003|002|003|001|001|003|003|002|002|002|002|003|003|003|002|002|003|003|002|001|002|002|002|002|002|003|003|002|002|002|001|003|002|003|001|002|002|001|002|002|002|003|002|003|001|003|001|002|002|002|002|003|003|004|002|002|002|002|001|001|002|002|003|002|002|002|003|002|002|003|002|002|002|002|003|002|002|003|003|002|002|003|001|002|003|003|002|003|001|002|002|002|003|002|002|001|002|003|003|002|002|003|002|002|002|003|002|002|001|003|001|002|002|002|002|002|002|002|002|003|002|002|002|002|003|003|003|002|003|002|003|003|001|002|001|003|003|003|002|001|002|003|002|002|002|000|002|003|002|002|002|002|003|001|002|002|002|003|002|002|003|003|000|007|008|007|006|008|007|007|006|004|005|006|003|007|007|006|007|007|007|006|007|008|007|007|007|006|008|007|007|008|007|007|007|006|007|007|001|006|006|008|007|007|007|008|007|007|007|007|007|007|007|007|008|005|006|008|007|007|006|007|005|007|007|006|008|007|007|007|007|007|008|007|008|006|007|006|007|002|007|006|007|007|007|007|007|008|000|007|007|007|006|007|007|007|006|008|007|007|007|007|006|003|002|003|002|003|002|003|002|003|002|002|002|004|001|004|004|003|003|004|003|003|004|003|004|003|004|003|004|004|002|003|003|002|003|003|003|003|003|004|003|003|003|003|003|003|002|003|004|004|003|003|003|003|003|003|003|003|003|004|003|002|003|003|003|002|004|003|002|003|001|003|005|002|003|003|002|003|002|003|003|003|003|004|003|004|002|000|003|003|003|004|004|003|004|002|003|003|003|002|002|003|004|003|002|002|004|003|003|003|002|003|003|003|003|003|003|002|003|003|003|003|002|003|004|004|004|003|004|003|002|003|002|002|003|004|003|003|004|003|004|003|004|003|002|003|002|003|003|003|002|003|003|003|003|003|002|002|003|003|003|001|003|003|003|003|004|003|003|001|003|003|004|003|003|004|003|003|003|003|003|003|002|004|003|004|003|003|000|002|001|004|004|003|002|003|004|003|004|003|003|003|003|001|002|002|003|002|003|002|002|003|002|001|003|001|004|002|003|003|003|002|003|003|002|003|004|002|003|001|003|001|002|002|002|003|002|003|003|002|004|003|002|003|002|003|003|001|003|002|002|002|003|003|002|003|003|001|003|003|003|003|002|003|001|003|002|003|003|003|003|002|003|002|002|002|002|002|002|003|003|002|003|003|001|003|001|002|003|000|003|004|002|003|003|003|003|003|002|001|002|003|003|002|002|002|003|003|003|003|003|002|002|002|002|002|002|001|003|002|003|002|001|002|003|003|003|002|004|002|002|002|002|001|002|003|002|002|003|003|003|003|003|003|003|002|003|002|002|003|003|003|003|003|002|002|003|002|002|002|003|002|003|003|002|003|003|002|002|003|002|003|004|002|003|003|002|003|002|002|003|003|001|003|002|004|002|002|003|001|000|003|003|003|001|003|003|002|003|002|003|003|004|003|003|004|003|004|002|003|004|004|003|004|002|004|004|002|003|001|004|004|003|004|003|003|004|003|005|005|003|003|004|003|003|004|002|003|002|004|003|003|004|003|004|004|002|004|004|004|003|004|003|002|003|004|002|002|003|002|003|003|003|004|004|003|004|003|002|003|004|004|005|003|003|004|003|003|003|003|003|004|003|004|004|005|001|003|003|004|003|000|003|004|003|004|003|004|001|003|003|003|003|002|003|002|001|003|003|002|003|003|002|003|002|003|003|002|002|002|003|001|002|003|002|002|004|003|003|003|002|003|002|002|002|003|002|003|001|003|002|003|003|003|003|003|003|002|002|003|002|002|003|003|002|003|003|001|003|002|003|002|003|003|002|002|001|003|003|003|002|003|004|003|003|003|003|002|002|002|003|002|001|002|002|003|003|001|002|003|002|003|000|004|003|003|003|002|003|003|002|001|003|001|003|002|002|001|002|002|001|003|002|002|002|002|002|002|003|001|002|002|003|002|003|003|002|003|003|002|001|002|002|003|002|002|002|003|002|001|003|003|003|002|002|002|002|001|002|003|003|002|002|003|002|002|002|002|003|002|002|002|002|003|002|001|002|003|002|002|002|003|004|003|002|002|003|003|002|002|002|001|001|003|002|004|002|002|002|001|002|002|003|000|003|003|002|002|002|002|002|002|003|002|002|002|004|003|002|002|003|001|001|002|001|002|002|002|003|002|003|003|001|002|003|003|003|002|004|002|002|002|002|002|002|003|003|001|003|003|002|002|003|003|002|002|002|002|001|003|003|003|003|003|002|002|003|002|002|003|003|002|003|003|002|003|003|002|001|002|003|003|004|002|002|003|002|003|002|003|002|003|002|003|002|004|002|002|003|001|003|002|003|003|000|003|003|003|003|002|002|002|003|001|003|001|004|002|003|002|003|001|002|003|002|003|003|002|003|003|004|003|003|003|004|001|003|003|003|003|003|003|002|002|002|003|004|003|003|003|002|002|004|003|002|003|003|003|003|003|003|003|004|003|002|004|003|003|002|003|003|002|003|003|003|003|004|003|002|002|004|002|004|003|002|003|002|003|003|003|002|003|004|003|002|003|003|003|003|002|003|003|003|004|003|000|003|003|004|003|002|002|003|003|001|002|001|003|002|003|002|002|002|002|002|002|001|002|002|001|002|002|002|003|003|002|001|003|002|003|003|003|002|002|003|002|002|001|002|002|002|002|003|003|002|002|002|002|003|003|002|002|002|003|003|002|001|002|002|002|001|003|002|002|002|002|002|003|002|001|003|003|004|002|001|002|003|001|002|002|002|001|002|002|002|003|002|003|003|003|002|002|003|002|003|003|000|002|003|003|001|002|003|003|002|003|003|002|003|003|003|002|002|002|002|003|001|002|001|002|003|002|003|002|003|001|003|003|002|002|003|003|002|002|002|003|003|001|003|002|001|002|002|002|002|003|003|002|003|001|003|002|002|002|002|002|002|002|002|003|002|002|002|003|003|002|002|003|002|002|003|002|002|001|002|002|002|003|003|003|002|002|002|001|002|002|003|003|002|002|002|002|003|002|003|002|003|000|002|003|002|003|004|004|004|004|004|004|004|004|003|003|003|003|003|004|004|001|004|003|005|004|003|004|004|004|004|003|004|004|003|004|003|002|004|003|004|002|004|004|003|004|004|004|003|004|003|004|003|003|004|004|004|001|002|004|004|003|002|003|004|004|003|003|004|004|004|002|003|004|004|003|004|003|004|004|002|003|003|003|004|003|003|004|004|004|003|003|004|003|002|003|005|004|002|003|003|004|000|003|004|003|003|001|002|001|003|002|002|001|002|003|001|003|003|003|003|003|002|003|003|003|003|003|003|002|003|003|003|004|003|001|003|003|003|002|003|002|002|002|003|003|004|004|001|003|003|002|004|003|002|002|002|002|002|003|003|003|002|003|002|004|001|003|002|003|003|004|004|003|004|003|004|003|002|002|003|002|002|002|004|001|003|003|003|004|002|003|003|003|003|003|003|003|003|002|002|003|003|000|001|002|002|002|002|002|002|002|003|002|003|002|002|002|002|002|002|002|001|002|002|002|002|002|002|001|002|003|002|003|003|002|003|002|002|001|003|001|001|003|002|002|003|003|002|002|002|003|003|002|001|002|003|003|002|002|002|002|002|003|002|003|002|003|002|003|002|003|003|002|003|002|003|003|002|001|002|002|001|001|003|002|002|003|003|003|003|003|002|002|003|002|002|003|002|002|001|002|003|003|000|53 2
65 3
53 3
50 3
60 4
45 2
61 3
47 2
63 3
45 3
54 3
64 2
53 2
48 4
46 3
60 6
47 3
52 2
45 3
51 2
62 3
50 3
57 2
63 3
53 3
51 2
49 3
60 3
65 3
64 2
0
58 3
43 2
49 3
58 2
49 3
50 4
54 2
58 4
0
50 3
54 3
48 3
49 2
51 3
55 3
62 3
55 2
58 2
0
57 3
61 3
49 3
57 2
45 2
58 3
54 2
52 3
56 2
0.03125
